614
1 1
1 1
2 2
4 1
4 4
3 3
6 6
12 1
5 5
10 10
20 1
8 8
16 1
17 17
13 13
26 1
27 27
54 1
10 1
11 11
22 22
44 44
88 1
8 1
9 9
18 18
36 36
72 72
6 1
7 7
14 14
28 1
29 29
58 58
116 116
232 1
22 1
23 23
46 1
47 47
94 94
188 188
376 1
18 1
19 19
38 38
76 76
152 152
304 1
305 305
14 1
15 15
30 30
60 1
61 61
122 1
123 123
246 246
492 1
493 493
986 1
12 12
24 24
48 1
49 49
98 1
99 99
198 1
199 199
398 1
399 399
798 798
1596 1
20 20
40 40
80 80
160 1
161 161
322 1
323 323
646 646
1292 1292
16 16
32 32
64 1
65 65
130 130
260 1
261 261
522 522
1044 1
1045 1045
2090 2090
4180 1
26 26
52 52
104 1
105 105
210 1
211 211
422 422
844 1
845 845
1690 1
1691 1691
3382 3382
6764 1
21 21
42 42
84 1
85 85
170 1
171 171
342 342
684 684
1368 1368
2736 2736
5472 1
5473 5473
34 34
68 1
69 69
138 138
276 276
552 1
553 553
1106 1106
2212 1
2213 2213
4426 1
4427 4427
8854 1
8855 8855
17710 1
55 55
110 1
111 111
222 1
223 223
446 1
447 447
894 1
895 895
1790 1
1791 1791
3582 3582
7164 7164
14328 14328
28656 1
44 1
45 45
90 90
180 1
181 181
362 362
724 724
1448 1
1449 1449
2898 2898
5796 5796
11592 11592
23184 23184
72 1
73 73
146 146
292 1
293 293
586 586
1172 1172
2344 2344
4688 1
4689 4689
9378 9378
18756 18756
37512 37512
75024 1
58 1
59 59
118 118
236 1
237 237
474 474
948 948
1896 1896
3792 1
3793 3793
7586 1
7587 7587
15174 15174
30348 30348
60696 60696
121392 1
94 1
95 95
190 1
191 191
382 1
383 383
766 1
767 767
1534 1534
3068 1
3069 3069
6138 6138
12276 12276
24552 24552
49104 49104
98208 1
98209 98209
76 1
77 77
154 1
155 155
310 310
620 620
1240 1
1241 1241
2482 2482
4964 1
4965 4965
9930 1
9931 9931
19862 1
19863 19863
39726 39726
79452 79452
158904 1
158905 158905
317810 1
30 1
31 31
62 62
124 1
125 125
250 1
251 251
502 502
1004 1004
2008 2008
4016 1
4017 4017
8034 8034
16068 1
16069 16069
32138 1
32139 32139
64278 64278
128556 1
128557 128557
257114 257114
514228 1
24 1
25 25
50 50
100 1
101 101
202 1
203 203
406 406
812 812
1624 1
1625 1625
3250 3250
6500 6500
13000 13000
26000 1
26001 26001
52002 52002
104004 1
104005 104005
208010 208010
416020 416020
40 1
41 41
82 82
164 164
328 328
656 1
657 657
1314 1314
2628 1
2629 2629
5258 5258
10516 1
10517 10517
21034 1
21035 21035
42070 42070
84140 1
84141 84141
168282 1
168283 168283
336566 1
336567 336567
673134 673134
1346268 1
32 1
33 33
66 66
132 132
264 1
265 265
530 1
531 531
1062 1
1063 1063
2126 1
2127 2127
4254 4254
8508 1
8509 8509
17018 17018
34036 34036
68072 68072
136144 136144
272288 272288
544576 1
544577 544577
1089154 1089154
2178308 1
52 1
53 53
106 1
107 107
214 1
215 215
430 430
860 860
1720 1720
3440 1
3441 3441
6882 1
6883 6883
13766 1
13767 13767
27534 1
27535 27535
55070 1
55071 55071
110142 1
110143 110143
220286 220286
440572 440572
881144 881144
1762288 1
1762289 1762289
42 1
43 43
86 1
87 87
174 174
348 348
696 696
1392 1392
2784 2784
5568 1
5569 5569
11138 11138
22276 22276
44552 1
44553 44553
89106 1
89107 89107
178214 1
178215 178215
356430 356430
712860 712860
1425720 1
1425721 1425721
2851442 1
2851443 2851443
5702886 1
34 1
35 35
70 70
140 140
280 1
281 281
562 1
563 563
1126 1126
2252 2252
4504 1
4505 4505
9010 1
9011 9011
18022 18022
36044 36044
72088 1
72089 72089
144178 1
144179 144179
288358 288358
576716 576716
1153432 1
1153433 1153433
2306866 2306866
4613732 4613732
9227464 1
28 28
56 56
112 1
113 113
226 1
227 227
454 1
455 455
910 1
911 911
1822 1822
3644 1
3645 3645
7290 7290
14580 14580
29160 29160
58320 1
58321 58321
116642 1
116643 116643
233286 233286
466572 1
466573 466573
933146 1
933147 933147
1866294 1866294
3732588 3732588
7465176 7465176
46 46
92 92
184 184
368 368
736 1
737 737
1474 1474
2948 2948
5896 1
5897 5897
11794 1
11795 11795
23590 1
23591 23591
47182 1
47183 47183
94366 94366
188732 188732
377464 1
377465 377465
754930 1
754931 754931
1509862 1
1509863 1509863
3019726 1
3019727 3019727
6039454 6039454
12078908 12078908
24157816 1
36 1
37 37
74 74
148 1
149 149
298 298
596 596
1192 1192
2384 1
2385 2385
4770 1
4771 4771
9542 1
9543 9543
19086 19086
38172 38172
76344 76344
152688 152688
305376 305376
610752 610752
1221504 1
1221505 1221505
2443010 2443010
4886020 1
4886021 4886021
9772042 9772042
19544084 19544084
39088168 1
60 60
120 120
240 1
241 241
482 482
964 1
965 965
1930 1930
3860 3860
7720 7720
15440 15440
30880 1
30881 30881
61762 1
61763 61763
123526 1
123527 123527
247054 247054
494108 1
494109 494109
988218 988218
1976436 1
1976437 1976437
3952874 3952874
7905748 7905748
15811496 15811496
31622992 1
31622993 31622993
48 48
96 1
97 97
194 1
195 195
390 390
780 780
1560 1
1561 1561
3122 3122
6244 1
6245 6245
12490 1
12491 12491
24982 1
24983 24983
49966 1
49967 49967
99934 1
99935 99935
199870 1
199871 199871
399742 399742
799484 1
799485 799485
1598970 1
1598971 1598971
3197942 3197942
6395884 6395884
12791768 1
12791769 12791769
25583538 25583538
51167076 1
51167077 51167077
102334154 1
38 1
39 39
78 78
156 1
157 157
314 1
315 315
630 1
631 631
1262 1
1263 1263
2526 2526
5052 1
5053 5053
10106 10106
20212 20212
40424 40424
80848 1
80849 80849
161698 1
161699 161699
323398 323398
646796 1
646797 646797
1293594 1293594
2587188 1
2587189 2587189
5174378 1
5174379 5174379
10348758 10348758
20697516 1
20697517 20697517
41395034 1
41395035 41395035
82790070 82790070
165580140 1
62 1
63 63
126 1
127 127
254 1
255 255
510 1
511 511
1022 1022
2044 2044
4088 4088
8176 8176
16352 16352
32704 32704
65408 65408
130816 1
130817 130817
261634 1
261635 261635
523270 523270
1046540 1046540
2093080 2093080
4186160 4186160
8372320 1
8372321 8372321
16744642 1
16744643 16744643
33489286 1
33489287 33489287
66978574 66978574
133957148 133957148