8181
1 1
2 1
2 2
3 3
4 1
4 4
5 5
6 1
6 6
7 7
8 1
8 8
9 9
10 1
10 10
11 11
12 1
12 12
13 13
14 1
14 14
15 15
16 1
16 16
17 17
18 1
18 18
19 19
20 1
20 20
21 21
22 1
22 22
23 23
24 1
24 24
25 25
26 1
26 26
27 27
28 1
28 28
29 29
30 1
30 30
31 31
32 1
32 32
33 33
34 1
34 34
35 35
36 1
36 36
37 37
38 1
38 38
39 39
40 1
40 40
41 41
41 148
42 1
42 42
43 43
44 1
44 44
45 45
46 1
46 46
47 47
48 1
48 48
49 49
50 1
50 50
51 51
52 1
52 52
53 53
54 1
54 54
55 55
56 1
56 56
57 57
58 1
58 58
59 59
60 1
60 60
61 61
62 1
62 62
63 63
64 1
64 64
65 65
66 1
66 66
67 67
68 1
68 68
69 69
70 1
70 70
71 71
72 1
72 72
73 73
74 1
74 74
75 75
76 1
76 76
77 77
78 1
78 78
79 79
80 1
80 80
81 81
82 1
82 82
83 83
84 1
84 84
85 85
86 1
86 86
87 87
88 1
88 88
89 89
90 1
90 90
91 91
92 1
92 92
93 93
94 1
94 94
95 95
96 1
96 96
97 97
98 1
98 98
99 99
100 1
100 100
101 101
102 1
102 102
103 103
104 1
104 104
105 105
106 1
106 106
107 107
108 1
108 108
109 109
110 1
110 110
111 111
112 1
112 112
113 113
114 1
114 114
115 115
116 1
116 116
117 117
118 1
118 118
119 119
120 1
120 120
121 121
122 1
122 122
123 123
124 1
124 124
125 125
126 1
126 126
127 127
128 1
128 128
129 129
130 1
130 130
131 131
132 1
132 132
133 133
134 1
134 134
135 135
136 1
136 136
137 137
138 1
138 138
139 139
140 1
140 140
141 141
142 1
142 142
143 143
144 1
144 144
145 145
146 1
146 146
147 147
148 1
148 148
149 149
150 1
150 150
151 151
152 1
152 152
153 153
154 1
154 154
155 155
156 1
156 156
157 157
158 1
158 158
159 159
160 1
160 160
161 161
162 1
162 162
163 163
164 1
164 164
165 165
166 166
168 1
168 168
169 169
170 1
170 170
171 171
172 1
173 173
174 1
174 174
175 175
176 1
176 176
177 177
178 1
178 178
179 179
180 1
180 180
181 181
182 1
182 182
183 183
184 1
184 184
185 185
186 1
186 186
187 187
188 1
188 188
189 114
189 189
190 1
190 190
191 191
192 1
192 192
193 193
194 1
194 194
195 195
196 1
196 196
197 197
198 1
198 198
199 199
200 1
200 200
201 201
202 1
202 202
203 203
204 1
204 204
205 205
206 206
208 1
208 208
209 209
210 1
210 210
211 211
212 1
212 212
213 213
214 1
214 214
215 215
216 1
216 216
217 217
218 1
218 218
219 219
220 1
220 220
221 221
222 1
222 222
223 223
224 1
224 224
225 225
226 1
227 227
228 1
228 228
229 229
230 1
230 230
231 231
232 1
232 232
233 233
234 1
234 234
235 235
236 1
236 236
237 237
238 1
238 238
239 239
240 1
240 240
241 241
242 242
244 1
244 244
245 245
246 1
246 246
247 247
248 1
248 248
249 249
250 1
250 250
251 251
252 1
252 252
253 253
254 1
254 254
255 255
256 1
256 256
257 257
258 258
260 260
262 1
262 262
263 263
264 1
264 264
265 265
266 1
266 266
267 267
268 1
269 269
270 1
270 270
271 271
272 1
272 272
273 273
274 1
275 275
276 1
276 276
277 277
278 1
278 278
279 279
280 1
281 281
282 282
284 1
284 284
285 285
286 1
286 286
287 287
288 1
288 288
289 289
290 1
290 290
291 291
292 1
292 292
293 293
294 294
296 1
296 296
297 297
298 1
298 298
299 299
300 1
300 300
301 301
302 302
303 172
304 1
304 304
305 305
306 1
306 306
307 307
308 1
308 308
309 309
310 1
311 311
312 1
312 312
313 313
314 1
314 314
315 315
316 1
317 317
318 1
318 318
319 319
320 1
321 321
322 1
322 322
323 323
324 1
324 324
325 325
326 1
326 326
327 327
328 1
328 328
329 329
330 1
330 330
331 331
332 1
332 332
333 333
336 1
336 336
337 337
338 1
338 338
339 339
340 340
342 1
342 342
343 343
346 1
346 346
347 347
348 1
348 348
349 349
350 1
350 350
351 351
352 1
352 352
353 353
354 1
354 354
355 355
356 1
356 356
357 357
358 1
358 358
359 359
360 1
360 360
361 361
362 1
362 362
363 363
364 1
365 365
366 1
366 366
367 367
368 1
368 368
369 369
370 1
370 370
371 371
372 372
374 1
374 374
375 375
376 1
376 376
377 377
378 1
379 379
380 1
380 380
381 381
382 1
383 383
384 1
384 384
385 385
386 1
387 387
388 1
388 388
389 389
390 1
390 390
391 391
392 392
394 1
395 395
396 1
396 396
397 397
398 1
398 398
399 399
400 1
401 401
402 402
404 1
404 404
405 405
406 1
407 407
408 1
408 408
409 409
410 1
410 410
411 411
412 1
412 412
413 413
416 1
416 416
417 417
418 1
419 419
420 1
420 420
421 421
422 1
422 422
423 423
424 1
424 424
425 425
426 1
426 426
427 427
428 1
428 428
429 429
430 1
430 430
431 431
432 1
433 433
434 434
436 1
436 436
437 437
438 1
438 438
439 439
440 1
440 440
441 441
442 1
443 443
444 1
444 444
445 445
446 1
446 446
447 447
448 1
448 448
449 449
450 1
451 451
454 1
454 454
455 455
456 1
457 457
458 1
458 458
459 459
460 460
462 1
462 462
463 463
464 1
464 464
465 465
466 1
466 466
467 467
468 468
470 1
470 470
471 471
472 1
472 472
473 473
474 1
474 474
475 6
475 475
476 1
477 477
478 1
478 478
479 479
480 1
481 10
481 481
482 1
482 482
483 483
484 1
484 484
485 485
488 488
490 1
490 490
491 4
491 491
492 1
492 492
493 493
494 1
495 174
495 495
496 1
496 496
497 497
498 1
498 498
499 499
500 1
500 500
501 501
502 1
502 502
503 503
504 1
504 504
505 505
506 506
508 1
508 508
509 509
510 1
510 510
511 511
512 1
512 512
513 513
514 1
515 515
516 516
520 1
520 520
521 521
524 1
524 524
525 525
526 1
526 526
527 527
528 1
529 529
530 1
531 531
532 1
532 532
533 533
534 1
534 534
535 535
538 1
539 539
540 1
540 540
541 541
542 1
542 542
543 543
544 1
544 544
545 545
546 546
550 550
552 1
552 552
553 553
554 1
554 554
555 555
556 1
556 556
557 557
558 1
558 558
559 559
562 1
562 562
563 563
564 1
565 565
568 1
568 568
569 569
570 570
572 1
572 572
573 573
574 574
576 1
577 577
578 1
579 579
580 1
581 581
582 1
583 583
584 1
585 585
586 1
587 587
588 1
589 589
592 1
592 592
593 593
594 1
595 595
596 1
596 596
597 597
598 1
598 598
599 599
600 1
600 600
601 601
602 1
603 603
604 1
605 605
608 608
610 1
610 610
611 611
612 1
613 613
614 1
614 614
615 615
616 1
617 617
618 1
618 618
619 619
622 622
624 1
625 625
626 626
628 628
630 1
631 631
634 1
634 634
635 635
636 636
638 1
638 638
639 639
642 642
644 644
646 646
648 1
648 648
649 649
650 1
650 650
651 651
652 1
652 652
653 653
654 1
654 654
655 655
656 1
656 656
657 657
658 1
659 659
660 1
660 660
661 661
662 1
662 662
663 663
664 1
664 664
665 665
666 666
669 6
672 1
672 672
673 673
674 1
674 674
675 32
675 675
676 1
676 676
677 677
678 678
680 680
684 684
686 1
686 686
687 687
692 1
692 692
693 693
694 694
696 1
697 697
698 1
698 698
699 699
700 1
700 700
701 701
702 1
702 702
703 703
704 1
704 704
705 705
706 1
707 19
707 707
708 708
710 1
711 711
712 1
712 712
713 713
714 1
714 714
715 715
716 1
717 717
718 1
718 718
719 719
720 1
720 720
721 721
722 1
723 723
724 1
724 724
725 725
726 22
726 726
730 1
730 730
731 731
732 1
732 732
733 733
734 1
734 734
735 735
736 736
738 738
740 1
741 741
742 1
742 742
743 743
744 1
745 745
748 1
748 6
748 748
749 749
750 750
752 752
754 1
754 78
754 754
755 755
758 758
760 1
760 760
761 761
762 762
766 1
766 766
767 767
768 1
768 768
769 769
770 1
770 770
771 771
774 774
776 1
777 777
778 778
780 780
782 1
783 783
784 1
785 785
790 790
792 1
793 793
794 1
795 795
796 1
796 796
797 797
798 1
799 799
802 1
802 802
803 803
804 1
804 804
805 805
808 1
809 809
810 1
810 810
811 811
814 1
815 815
816 1
816 816
817 817
818 818
820 820
822 1
823 823
824 1
824 824
825 825
826 1
826 826
827 827
832 1
832 68
832 832
833 833
834 1
834 834
835 835
838 1
838 838
839 839
840 1
840 840
841 841
842 842
844 1
845 845
846 1
846 846
847 847
848 1
849 849
850 1
851 851
852 1
853 853
854 1
854 854
855 855
856 856
858 1
858 858
859 859
860 1
861 861
862 1
862 862
863 863
866 1
866 866
867 867
868 1
869 869
872 872
874 874
876 1
877 877
878 878
880 1
881 881
882 882
886 1
886 886
887 887
888 1
889 889
890 1
891 891
892 892
894 894
896 896
898 898
900 58
902 1
903 903
908 908
910 1
911 911
914 914
916 1
917 917
918 918
920 1
920 920
921 921
924 924
926 1
927 927
928 1
929 929
930 930
932 1
933 933
934 1
934 934
935 935
936 936
940 940
942 1
942 942
943 943
944 1
944 944
945 945
946 1
946 946
947 947
948 948
950 950
954 954
956 1
956 956
957 957
958 1
958 59
959 959
962 1
963 963
964 964
966 966
968 1
968 968
969 969
970 970
976 1
977 977
980 1
980 980
981 981
982 982
984 1
985 985
986 1
986 986
987 987
990 990
992 1
992 992
993 993
994 994
996 1
997 997
998 1
999 999
1000 1000
1002 1
1003 1003
1004 1004
1006 1
1006 1006
1007 1007
1008 1
1009 1009
1010 1
1010 1010
1011 1011
1012 1
1012 1012
1013 1013
1016 1016
1017 369
1018 1018
1020 1020
1022 1
1023 1023
1024 1024
1026 1
1026 1026
1027 1027
1030 1030
1032 1
1033 1033
1040 1
1040 1040
1041 1041
1042 1
1043 1043
1048 1
1048 1048
1049 1049
1050 1
1050 1050
1051 1051
1052 1
1052 1052
1053 1053
1054 1054
1058 1
1058 1058
1059 1059
1062 1
1063 1063
1064 1
1065 1065
1066 1066
1068 1
1068 1068
1069 1069
1070 1070
1078 1078
1080 1
1081 1081
1082 1082
1084 1
1084 1084
1085 1085
1086 1
1087 1087
1088 1
1088 1088
1089 1089
1090 1090
1092 1092
1100 1
1101 1101
1104 1
1105 1105
1106 1
1106 1106
1107 1107
1108 1
1109 1109
1110 1
1111 1111
1112 1
1112 1112
1113 1113
1114 1114
1116 1116
1118 1118
1124 1
1125 1125
1126 1
1127 1127
1130 1130
1136 1
1136 1136
1137 1137
1138 1
1139 1139
1140 1140
1144 1144
1146 1
1146 1146
1147 1147
1148 1
1149 1149
1154 1
1155 1155
1158 1
1159 1159
1162 1
1162 1162
1163 1163
1166 1166
1170 1
1170 1170
1171 1171
1174 1174
1178 1
1179 1179
1184 1
1185 1185
1186 1
1187 1187
1190 1
1191 1191
1192 1
1192 1192
1193 1193
1194 1194
1196 1196
1198 1
1199 1199
1200 1200
1202 1
1202 1202
1203 1203
1206 1206
1210 1
1211 1211
1216 1
1217 1217
1220 1220
1222 1222
1226 1226
1228 1228
1230 1
1231 1231
1234 1234
1236 1236
1238 1238
1244 1
1245 1245
1250 1
1251 1251
1252 1
1252 1252
1253 1253
1256 1
1257 1257
1262 1262
1268 1268
1270 1270
1272 1
1272 1272
1273 1273
1276 1276
1278 1278
1284 1
1285 1285
1288 1
1289 1289
1292 1
1293 1293
1296 1
1297 1297
1298 1
1299 1299
1300 1300
1302 1302
1304 1304
1306 1
1306 1306
1307 1307
1308 1
1308 1308
1309 1309
1310 1310
1312 1
1313 1313
1314 1
1314 1314
1315 1315
1318 1
1319 1319
1320 1
1321 1321
1322 1322
1324 1
1324 1324
1325 1325
1326 1
1327 1327
1328 1
1329 1329
1330 1
1331 1331
1332 1
1332 1332
1333 1333
1344 1
1345 1345
1346 1
1346 1346
1347 1347
1348 1
1348 1348
1349 1349
1350 1
1351 1351
1352 1
1353 1353
1354 1
1354 1354
1355 1355
1356 1
1357 1357
1360 1
1361 1361
1368 1
1369 1369
1372 1
1372 1372
1373 1373
1374 1374
1384 1
1385 1385
1386 229
1386 1386
1388 1
1389 1389
1394 1394
1396 1
1396 1396
1397 1397
1398 1
1398 1398
1399 1399
1400 1
1400 1400
1401 1401
1402 1
1402 1402
1403 1403
1404 1404
1406 1
1407 1407
1408 1
1409 1409
1410 1410
1414 1414
1416 1416
1422 1
1423 1423
1424 1
1425 1425
1426 1426
1428 1
1428 1428
1429 1429
1430 1
1431 1431
1434 1
1435 1435
1436 1436
1438 1
1439 1439
1440 1
1441 1441
1442 1
1443 1443
1446 1
1447 1447
1448 1
1448 1448
1449 1449
1450 1
1451 1451
1452 1452
1460 1460
1462 1462
1464 1464
1466 1466
1468 1468
1470 1
1470 1470
1471 1471
1472 1
1472 1472
1473 1473
1476 1
1476 1476
1477 1477
1482 1
1482 1482
1483 1483
1484 1
1484 1484
1485 1485
1486 1486
1490 1490
1496 1
1496 1496
1497 1497
1498 1498
1500 1
1501 1501
1504 1
1504 1504
1505 1505
1508 1508
1510 1
1511 1511
1516 1
1516 1516
1517 1517
1520 1
1520 1520
1521 1521
1522 1
1523 1523
1524 1524
1532 1
1532 1532
1533 1533
1534 1
1535 1535
1536 1536
1538 1
1539 1539
1540 1540
1542 1
1543 1543
1548 1548
1554 1554
1556 1
1557 1557
1560 1560
1566 1
1567 1567
1570 1570
1580 1
1581 1581
1586 1
1587 1587
1590 1
1591 1591
1592 1
1593 1593
1594 1594
1598 1598
1604 1
1605 1605
1606 1606
1608 1
1609 1609
1610 1610
1615 22
1618 1
1618 1618
1619 1619
1620 1
1621 1621
1622 1
1623 1623
1630 1
1631 1631
1632 1
1632 1632
1633 1633
1634 1634
1636 1636
1637 40
1640 1
1641 1641
1646 1
1647 1647
1648 1648
1650 1650
1652 1652
1654 1
1654 1654
1655 1655
1664 1
1665 1665
1666 1
1667 1667
1668 1668
1670 1
1671 1671
1676 1676
1677 18
1678 1
1679 1679
1680 1680
1682 1
1683 1683
1684 1684
1690 1
1691 1691
1692 1
1693 1693
1694 1694
1695 63
1698 1
1699 1699
1702 1
1703 1703
1706 1
1707 1707
1708 1708
1710 1
1711 1711
1712 1712
1716 1
1717 1717
1718 1
1718 1718
1719 1719
1722 1
1723 1723
1724 1
1725 1725
1726 1
1727 1727
1732 1
1733 1733
1734 1
1734 1734
1735 1735
1738 1738
1744 1
1745 1745
1748 1
1749 1749
1754 1
1755 1755
1756 1756
1758 5
1762 1762
1763 11
1764 1764
1772 1
1773 1773
1774 62
1774 1774
1778 1
1779 1779
1782 1782
1784 1784
1788 1
1789 1789
1792 1792
1796 1796
1806 1806
1816 1
1817 1817
1822 1
1823 1823
1828 1828
1834 1834
1836 1
1836 6
1837 1837
1840 1
1840 1840
1841 1841
1842 112
1842 1842
1848 1848
1854 1
1854 1854
1855 1855
1858 1858
1860 1
1860 1860
1861 1861
1866 1
1866 1866
1867 1867
1868 1
1868 1868
1869 1869
1870 1870
1872 1
1873 1873
1880 1
1880 1880
1881 1881
1884 1
1884 1884
1885 1885
1886 1
1886 1886
1887 1887
1888 1888
1890 1
1891 1891
1892 1
1893 1893
1894 1
1894 1894
1895 1895
1896 1
1897 1897
1900 1
1901 1901
1908 1
1909 1909
1912 1
1913 1913
1914 1914
1918 1
1919 1919
1926 1
1927 1927
1928 1
1929 1929
1932 1
1932 1932
1933 1933
1936 1
1937 1937
1938 1938
1940 1940
1954 45
1954 1954
1960 1960
1962 1962
1964 1
1965 1965
1970 1
1971 1971
1972 1
1973 1973
1974 1
1975 1975
1980 1
1981 1981
1984 1
1985 1985
1986 1
1987 1987
1988 1988
1994 1994
1998 1
1999 12
1999 1999
2000 2000
2006 2006
2008 1
2008 2008
2009 2009
2011 17
2012 2012
2014 1
2015 2015
2018 2018
2020 2020
2022 1
2023 2023
2024 2024
2026 1
2026 2026
2027 2027
2028 299
2032 1
2033 2033
2036 1
2037 2037
2040 1
2040 2040
2041 2041
2046 1
2046 2046
2047 2047
2048 2048
2052 1
2052 2052
2053 2053
2054 1
2055 2055
2060 1
2060 2060
2061 2061
2066 2066
2080 2080
2082 1
2083 2083
2086 1
2086 2086
2087 2087
2096 2096
2098 1
2099 2099
2100 2100
2102 2102
2104 2104
2106 1
2107 2107
2108 1
2108 2108
2109 2109
2116 1
2117 2117
2118 1
2119 2119
2126 2126
2130 2130
2132 2132
2136 2136
2138 1
2139 2139
2140 2140
2156 1
2157 2157
2162 1
2163 2163
2164 1
2164 2164
2165 2165
2168 1
2168 2168
2169 2169
2170 1
2171 2171
2174 1
2175 2175
2176 1
2177 2177
2178 2178
2180 1
2180 2180
2181 2181
2184 2184
2202 2202
2210 2210
2212 2212
2214 1
2215 2215
2218 2218
2222 2222
2224 2224
2226 1
2227 2227
2228 1
2229 2229
2232 1
2233 2233
2236 1
2236 2236
2237 2237
2250 2250
2254 1
2254 2254
2255 2255
2260 1
2260 2260
2261 2261
2272 1
2272 2272
2273 2273
2274 1
2275 2275
2278 1
2279 2279
2280 1
2281 2281
2288 1
2289 2289
2292 1
2292 2292
2293 2293
2294 1
2295 2295
2298 2298
2310 2310
2318 2318
2324 1
2325 2325
2326 2326
2327 178
2332 1
2333 2333
2340 2340
2342 1
2342 2342
2343 2343
2348 1
2349 2349
2358 1
2359 2359
2370 1
2371 2371
2374 1
2374 2374
2375 2375
2382 2382
2384 2384
2386 2386
2388 2388
2392 1
2393 2393
2398 1
2399 2399
2400 2400
2404 1
2405 2405
2406 1
2407 2407
2412 1
2413 2413
2422 1
2423 2423
2434 2434
2440 2440
2444 2444
2452 2452
2456 2456
2462 1
2463 2463
2468 1
2468 2468
2469 2469
2472 2472
2476 1
2477 2477
2490 1
2491 2491
2502 1
2502 2502
2503 2503
2504 1
2505 24
2505 2505
2506 1
2507 2507
2514 1
2515 2515
2524 1
2525 2525
2529 213
2536 2536
2540 1
2541 2541
2544 1
2544 2544
2545 2545
2546 2546
2552 1
2553 2553
2556 2556
2570 2570
2578 1
2579 2579
2586 1
2586 2586
2587 2587
2594 1
2595 2595
2598 1
2599 2599
2600 2600
2604 2604
2608 2608
2612 2612
2614 2614
2616 2616
2618 1
2619 2619
2620 2620
2626 1
2627 2627
2628 1
2629 2629
2630 1
2631 2631
2638 1
2639 2639
2642 1
2643 2643
2644 2644
2648 2648
2650 1
2651 2651
2654 1
2655 2655
2658 2658
2662 2662
2664 1
2665 2665
2666 2666
2690 1
2691 2691
2692 1
2692 2692
2693 2693
2694 1
2695 2695
2696 1
2697 2697
2698 2698
2702 2702
2706 1
2707 2707
2708 1
2708 2708
2709 2709
2710 2710
2714 1
2715 2715
2722 1
2723 2723
2738 1
2739 2739
2742 120
2744 1
2745 2745
2746 1
2747 2747
2748 2748
2770 1
2771 2771
2772 2772
2778 2778
2788 2788
2792 2792
2794 2794
2796 1
2797 2797
2798 1
2799 2799
2800 1
2801 2801
2802 1
2803 2803
2804 2804
2806 2806
2808 2808
2814 1
2815 2815
2818 2818
2820 1
2821 2821
2828 1
2829 2829
2832 2832
2846 2846
2850 1
2851 2851
2852 2852
2856 2856
2858 1
2859 2859
2862 1
2862 21
2863 2863
2870 1
2870 2870
2871 2871
2872 1
2873 2873
2878 2878
2882 1
2882 2882
2883 210
2883 2883
2886 1
2887 2887
2894 2894
2896 1
2897 2897
2898 2898
2902 1
2902 2902
2903 2903
2904 2904
2920 1
2921 2921
2924 2924
2928 1
2929 2929
2932 2932
2936 2936
2940 1
2941 2941
2942 2942
2944 2944
2946 2946
2952 2952
2954 2954
2964 1
2965 2965
2966 1
2966 2966
2967 2967
2968 2968
2970 2970
2972 2972
2980 1
2980 2980
2981 2981
2992 1
2993 2993
2994 2994
2996 2996
3002 1
3003 3003
3008 3008
3010 1
3011 3011
3016 3016
3022 1
3023 3023
3032 1
3033 3033
3034 3034
3040 3040
3042 1
3043 3043
3046 3046
3048 3048
3064 1
3064 3064
3065 3065
3066 3066
3070 1
3071 3071
3072 1
3073 3073
3078 1
3079 3079
3080 1
3080 3080
3081 3081
3086 1
3086 3086
3087 3087
3093 128
3096 1
3097 3097
3108 1
3108 3108
3109 3109
3114 3114
3120 1
3121 3121
3134 3134
3140 1
3141 3141
3162 1
3163 3163
3174 3174
3182 1
3183 3183
3186 1
3187 3187
3188 1
3189 3189
3196 3196
3210 3210
3212 3212
3218 3218
3220 1
3221 122
3221 3221
3236 1
3237 3237
3238 3238
3242 1
3242 3242
3243 3243
3246 1
3247 3247
3262 1
3263 3263
3264 3264
3266 1
3267 3267
3268 1
3268 3268
3269 3269
3272 1
3273 3273
3282 1
3283 3283
3294 1
3294 3294
3295 3295
3296 1
3297 3297
3300 1
3300 3300
3301 3301
3304 1
3305 3305
3308 1
3309 3309
3310 1
3311 3311
3330 3330
3334 1
3335 3335
3336 1
3337 3337
3342 3342
3343 8
3351 37
3352 1
3353 3353
3358 3358
3360 1
3361 3361
3366 3366
3368 3368
3382 1
3383 3383
3386 1
3387 3387
3388 61
3388 3388
3398 1
3399 3399
3406 3406
3414 3414
3416 1
3417 3417
3422 1
3423 3423
3424 3424
3434 1
3434 3434
3435 3435
3436 1
3437 3437
3438 3438
3446 1
3446 3446
3447 3447
3449 38
3450 3450
3454 1
3455 3455
3466 3466
3468 3468
3470 3470
3476 3476
3487 70
3490 1
3491 3491
3498 3498
3510 1
3511 3511
3512 1
3512 3512
3513 3513
3524 1
3525 3525
3528 3528
3546 3546
3548 1
3549 3549
3557 27
3558 3558
3564 3564
3568 1
3568 3568
3569 3569
3578 1
3579 3579
3584 1
3584 100
3585 3585
3592 1
3593 3593
3612 1
3613 3613
3634 3634
3646 1
3647 3647
3656 1
3656 3656
3657 3657
3668 3668
3674 1
3675 3675
3680 3680
3682 3682
3684 1
3684 6
3685 3685
3690 139
3696 1
3697 3697
3708 3708
3710 3710
3716 1
3717 3717
3720 1
3721 3721
3722 1
3723 3723
3732 3732
3734 1
3735 3735
3736 3736
3738 3738
3740 1
3741 3741
3746 1
3747 3747
3760 3760
3762 3762
3768 3768
3770 1
3771 3771
3772 3772
3774 3774
3776 3776
3782 3782
3786 1
3787 3787
3788 3788
3790 3790
3794 3794
3802 1
3803 3803
3818 1
3819 3819
3826 1
3827 3827
3828 3828
3829 458
3838 3838
3854 1
3855 3855
3858 1
3859 3859
3864 1
3865 3865
3866 1
3866 3866
3867 3867
3874 3874
3876 3876
3880 3880
3908 3908
3920 1
3921 3921
3924 1
3925 3925
3930 3930
3942 1
3942 3942
3943 3943
3946 1
3947 3947
3950 1
3951 3951
3962 1
3963 3963
3970 1
3971 3971
3974 1
3974 3974
3975 3975
3976 3976
3988 3988
3998 3998
4000 4000
4012 4012
4016 1
4017 4017
4018 4018
4024 4024
4030 1
4031 4031
4036 1
4037 4037
4040 1
4041 4041
4046 4046
4048 4048
4052 4052
4054 1
4054 4054
4055 4055
4066 1
4066 4066
4067 4067
4074 4074
4080 4080
4082 1
4083 4083
4092 1
4093 4093
4094 1
4094 4094
4095 4095
4096 4096
4104 4104
4106 4106
4110 4110
4120 4120
4122 1
4123 4123
4132 1
4132 4132
4133 4133
4160 1
4161 4161
4166 1
4167 4167
4172 1
4173 4173
4174 4174
4192 1
4193 4193
4198 4198
4200 4200
4204 1
4204 4204
4205 4205
4208 4208
4214 4214
4216 1
4217 4217
4218 1
4218 4218
4219 4219
4234 4234
4238 4238
4252 1
4253 4253
4260 1
4261 4261
4264 4264
4272 1
4273 4273
4278 4278
4280 1
4281 4281
4287 93
4314 4314
4326 1
4327 4327
4328 4328
4330 4330
4336 4336
4338 1
4339 4339
4342 1
4343 4343
4350 4350
4354 1
4354 4354
4355 4355
4356 1
4356 4356
4357 4357
4360 4360
4362 1
4363 4363
4368 4368
4380 34
4404 1
4405 4405
4414 182
4420 4420
4424 1
4425 4425
4430 1
4431 4431
4436 1
4437 4437
4444 1
4444 4444
4445 4445
4448 1
4449 4449
4454 1
4455 4455
4458 1
4459 4459
4466 4466
4472 1
4473 4473
4474 1
4475 4475
4500 4500
4508 4508
4510 4510
4520 1
4521 4521
4522 4522
4544 1
4545 4545
4546 1
4547 4547
4550 4550
4558 1
4558 4558
4559 4559
4562 1
4563 4563
4578 4578
4584 4584
4586 1
4587 4587
4590 1
4591 4591
4596 43
4596 4596
4620 4620
4636 1
4637 4637
4639 42
4650 4650
4652 4652
4666 4666
4680 1
4680 4680
4681 5
4681 4681
4684 4684
4686 1
4686 26
4686 4686
4687 4687
4698 1
4699 4699
4712 3
4715 30
4718 4718
4742 1
4743 4743
4745 10
4748 1
4749 4749
4750 1
4750 4750
4751 4751
4755 117
4764 4764
4768 1
4769 4769
4772 1
4773 4773
4776 4776
4786 1
4787 4787
4798 4798
4800 4800
4810 1
4811 4811
4814 1
4815 4815
4826 1
4826 4826
4827 4827
4846 1
4847 4847
4868 1
4869 4869
4872 68
4880 1
4881 4881
4888 4888
4904 1
4905 4905
4912 4912
4926 4926
4936 4936
4938 1
4939 4939
4940 81
4944 4944
4954 4954
4982 1
4983 4983
5004 1
5005 5005
5006 5006
5010 5010
5014 1
5015 5015
5021 133
5030 1
5031 5031
5050 1
5051 5051
5072 5072
5082 5082
5088 5088
5090 1
5091 5091
5092 5092
5106 5106
5112 5112
5140 5140
5154 273
5158 1
5159 5159
5172 1
5173 5173
5174 1
5175 5175
5190 5190
5198 1
5199 5199
5200 1
5201 5201
5208 1
5209 5209
5216 1
5217 5217
5224 1
5225 5225
5228 1
5229 5229
5232 1
5233 5233
5238 1
5238 5238
5239 5239
5240 1
5241 5241
5254 1
5254 5254
5255 5255
5258 1
5258 5258
5259 5259
5262 1
5263 5263
5278 1
5279 5279
5286 5286
5288 1
5289 5289
5296 1
5297 5297
5302 5302
5310 1
5311 5311
5316 1
5317 5317
5324 1
5325 5325
5330 5330
5332 1
5333 5333
5382 1
5383 5383
5384 1
5385 5385
5386 5386
5390 5390
5394 1
5394 5394
5395 5395
5396 1
5396 5396
5397 5397
5404 1
5405 5405
5414 1
5415 5415
5416 5416
5418 1
5419 5419
5420 5420
5427 224
5430 5430
5446 1
5447 5447
5478 1
5479 5479
5490 5490
5494 5494
5496 1
5497 5497
5542 1
5543 5543
5544 5544
5556 1
5557 5557
5576 1
5576 5576
5577 5577
5584 5584
5588 5588
5594 1
5595 5595
5598 5598
5602 1
5603 5603
5606 1
5607 5607
5608 1
5608 5608
5609 5609
5612 1
5613 5613
5616 1
5617 5617
5630 1
5631 5631
5636 5636
5642 1
5643 5643
5651 55
5658 1
5658 5658
5659 5659
5664 5664
5692 5692
5702 1
5703 5703
5704 5704
5706 58
5712 1
5713 5713
5718 1
5719 5719
5726 1
5727 5727
5740 5740
5742 5742
5746 1
5747 5747
5756 1
5757 5757
5764 1
5764 57
5764 5764
5765 5765
5766 1
5767 5767
5774 5774
5788 1
5789 5789
5794 1
5795 5795
5796 1
5797 5797
5804 5804
5806 1
5807 5807
5808 1
5809 5809
5821 48
5842 1
5843 5843
5848 1
5848 5848
5849 5849
5858 1
5859 5859
5864 5864
5869 104
5872 1
5873 5873
5882 5882
5884 1
5885 5885
5888 1
5889 5889
5892 5892
5904 5904
5908 1
5909 5909
5930 5930
5932 1
5933 5933
5934 5934
5936 5936
5940 1
5941 5941
5944 5944
5960 1
5961 5961
5962 5962
5973 21
5986 5986
5988 5988
5992 5992
5994 44
6006 1
6006 6006
6007 6007
6016 6016
6022 6022
6032 6032
6038 186
6046 6046
6066 6066
6068 6068
6080 6080
6086 1
6087 6087
6092 6092
6096 1
6096 6096
6097 6097
6128 6128
6130 1
6131 6131
6132 1
6133 6133
6142 1
6143 6143
6146 1
6147 6147
6158 6158
6160 6160
6162 6162
6172 1
6173 6173
6174 1
6175 6175
6194 1
6195 6195
6216 1
6217 6217
6218 6218
6224 63
6228 1
6229 6229
6242 1
6243 6243
6268 6268
6282 1
6283 6283
6287 78
6326 6326
6348 6348
6365 45
6366 6366
6374 1
6375 6375
6378 6378
6392 6392
6410 12
6420 1
6421 6421
6422 137
6424 1
6425 6425
6436 1
6437 6437
6442 1
6443 6443
6474 1
6474 6474
6475 6475
6476 6476
6484 1
6485 6485
6486 6486
6494 1
6494 6494
6495 6495
6526 1
6527 6527
6528 1
6529 6529
6534 6534
6536 1
6537 6537
6538 1
6539 6539
6546 6546
6559 81
6566 6566
6588 1
6589 6589
6590 6590
6594 6594
6600 6600
6602 6602
6610 1
6611 6611
6618 6618
6622 6622
6640 6
6646 120
6660 6660
6670 1
6671 6671
6674 1
6675 6675
6684 6684
6706 1
6707 6707
6716 6716
6722 1
6723 6723
6732 6732
6736 1
6737 6737
6766 474
6766 6766
6774 1
6775 6775
6776 1
6777 6777
6798 1
6799 6799
6812 6812
6828 6828
6834 1
6835 6835
6846 1
6846 6846
6847 6847
6848 1
6849 6849
6868 6868
6870 6870
6874 6874
6876 6876
6892 6892
6894 1
6895 6895
6900 1
6901 6901
6910 1
6911 6911
6932 6932
6936 1
6937 6937
6940 6940
6952 6952
6982 6982
6996 1
6997 6997
7022 7022
7024 1
7025 7025
7026 7026
7050 7050
7056 1
7057 7057
7092 7092
7098 7098
7116 1
7117 7117
7128 7128
7136 7136
7138 1
7139 7139
7158 7158
7170 7170
7186 7186
7226 7226
7240 22
7262 23
7268 1
7269 7269
7285 11
7294 1
7295 7295
7296 76
7312 7312
7314 1
7315 7315
7336 7336
7350 1
7351 7351
7360 7360
7364 1
7365 7365
7370 1
7371 7371
7372 4
7376 111
7394 7394
7416 1
7416 7416
7417 7417
7420 1
7421 7421
7434 1
7435 7435
7442 7442
7446 7446
7464 7464
7470 7470
7472 1
7473 7473
7476 7476
7482 7482
7487 5
7492 24
7494 7494
7516 56
7520 7520
7524 1
7525 7525
7536 7536
7542 1
7543 7543
7544 1
7544 7544
7545 7545
7548 1
7549 7549
7552 7552
7564 7564
7572 13
7574 7574
7576 1
7577 7577
7580 1
7581 7581
7585 51
7588 7588
7606 7606
7636 34
7638 7638
7654 1
7655 7655
7656 1
7657 7657
7670 70
7676 7676
7710 7710
7718 7718
7730 7730
7732 7732
7734 7734
7740 315
7748 1
7749 7749
7752 7752
7760 1
7761 7761
7816 7816
7842 7842
7850 1
7850 7850
7851 7851
7860 7860
7884 7884
7886 7886
7894 1
7895 7895
7902 7902
7926 1
7927 7927
7942 7942
7948 1
7949 7949
7950 1
7951 7951
7952 1
7953 7953
7976 1
7977 7977
7996 1
7997 7997
8000 8000
8024 1
8025 8025
8034 8034
8036 1
8037 8037
8048 1
8049 8049
8055 20
8062 8062
8074 8074
8075 102
8082 8082
8092 8092
8096 1
8097 8097
8104 8104
8108 1
8109 8109
8110 8110
8132 1
8132 8132
8133 8133
8134 1
8135 8135
8148 8148
8160 8160
8166 1
8167 8167
8177 7
8184 76
8186 1
8187 8187
8188 1
8189 8189
8190 1
8191 8191
8192 1
8193 8193
8208 8208
8212 8212
8220 8220
8240 1
8240 8240
8241 8241
8246 8246
8260 53
8264 8264
8266 8266
8313 74
8322 1
8323 8323
8334 1
8335 8335
8346 8346
8348 8348
8386 1
8387 18
8387 8387
8396 1
8396 8396
8397 8397
8400 1
8401 8401
8405 87
8408 1
8409 8409
8410 1
8411 8411
8416 1
8417 8417
8428 1
8429 8429
8434 8434
8436 1
8437 8437
8438 1
8439 8439
8468 1
8469 8469
8476 8476
8492 59
8506 8506
8522 8522
8528 8528
8546 8546
8551 119
8556 8556
8562 8562
8628 1
8629 8629
8654 1
8655 8655
8656 8656
8660 8660
8670 13
8672 1
8673 8673
8678 1
8679 8679
8683 31
8686 1
8687 8687
8700 8700
8708 1
8709 8709
8710 8710
8712 1
8713 8713
8714 65
8714 8714
8720 8720
8726 8726
8736 1
8737 8737
8779 14
8793 247
8810 1
8811 8811
8840 1
8841 8841
8850 1
8851 8851
8862 1
8863 8863
8874 1
8875 8875
8888 1
8889 8889
8890 8890
8898 8898
8910 8910
8918 8918
8932 8932
8946 1
8947 8947
8950 8950
9000 9000
9016 9016
9020 9020
9040 62
9042 9042
9044 9044
9090 9090
9094 9094
9100 9100
9102 64
9116 9116
9118 1
9119 9119
9126 1
9127 9127
9156 1
9157 9157
9166 91
9168 1
9169 9169
9174 9174
9182 1
9183 9183
9192 1
9193 9193
9240 9240
9257 4
9261 49
9274 9274
9300 9300
9304 1
9305 9305
9310 54
9332 9332
9360 1
9361 9361
9362 9362
9364 21
9368 1
9369 9369
9372 9372
9374 9374
9385 79
9398 1
9399 9399
9436 1
9437 9437
9464 23
9486 9486
9487 21
9498 9498
9500 1
9501 9501
9502 9502
9508 4
9512 3
9515 46
9528 9528
9538 1
9539 9539
9546 1
9547 9547
9552 1
9553 9553
9561 97
9574 9574
9596 1
9597 9597
9600 9600
9622 1
9623 9623
9630 1
9631 9631
9652 1
9653 9653
9654 9654
9658 18
9676 38
9694 1
9695 9695
9714 27
9738 9738
9741 17
9758 92
9762 9762
9776 1
9777 9777
9810 9810
9824 1
9825 9825
9850 10
9852 1
9853 9853
9860 16
9872 1
9873 9873
9876 54
9878 9878
9888 1
9889 9889
9908 1
9909 9909
9930 40
9966 9966
9970 32
10002 46
10010 1
10011 10011
10012 1
10013 10013
10020 1
10021 10021
10030 10030
10048 64
10062 1
10063 10063
10102 10102
10112 66
10144 10144
10164 10164
10176 10176
10178 17
10182 10182
10184 10184
10195 98
10212 1
10213 10213
10224 1
10225 10225
10280 10280
10293 147
10318 10318
10346 1
10347 10347
10350 10350
10380 1
10381 10381
10398 10398
10402 1
10403 10403
10418 1
10419 10419
10434 10434
10440 50
10450 1
10451 10451
10458 1
10459 10459
10466 10466
10476 1
10477 10477
10478 1
10479 10479
10482 10482
10490 18
10508 1
10508 127
10509 10509
10510 1
10511 10511
10516 1
10517 10517
10518 10518
10526 10526
10558 1
10559 10559
10572 1
10573 10573
10578 10578
10594 1
10595 10595
10604 10604
10622 1
10623 10623
10634 1
10635 12
10635 10635
10647 90
10650 10650
10660 1
10661 10661
10666 1
10667 10667
10737 82
10766 10766
10770 1
10771 10771
10772 1
10773 10773
10780 1
10781 10781
10788 1
10789 10789
10790 1
10791 10791
10792 1
10793 10793
10794 10794
10810 1
10811 10811
10819 91
10830 1
10831 10831
10832 10832
10838 1
10839 10839
10840 1
10841 10841
10860 1
10861 10861
10894 1
10895 10895
10910 25
10935 140
10958 1
10958 10958
10959 10959
10980 1
10981 10981
10988 10988
10994 1
10995 10995
11075 168
11086 11086
11088 11088
11114 11114
11152 11152
11154 11154
11168 1
11169 11169
11176 11176
11190 1
11191 11191
11196 1
11197 11197
11206 11206
11214 11214
11216 1
11217 11217
11218 1
11219 11219
11226 1
11227 11227
11234 1
11235 11235
11243 4
11247 76
11262 1
11263 11263
11272 11272
11286 11286
11316 1
11317 11317
11318 1
11319 11319
11323 46
11328 11328
11369 6
11375 18
11384 11384
11393 54
11406 11406
11408 11408
11426 11426
11438 1
11439 11439
11447 31
11454 1
11455 11455
11478 33
11480 11480
11484 1
11485 11485
11494 1
11495 11495
11511 27
11514 11514
11528 11528
11530 11530
11534 11534
11538 61
11548 11548
11578 1
11579 11579
11590 1
11591 11591
11594 1
11595 11595
11599 63
11608 11608
11614 11614
11618 11618
11662 10
11672 126
11686 11686
11696 11696
11698 11698
11718 1
11719 11719
11728 1
11729 11729
11746 1
11747 11747
11764 1
11765 11765
11770 11770
11778 11778
11784 1
11785 11785
11798 254
11808 1
11808 11808
11809 11809
11818 11818
11860 11860
11866 11866
11868 1
11868 11868
11869 11869
11872 1
11873 11873
11882 11882
11888 1
11889 11889
11922 11922
11924 1
11925 11925
11972 11972
11976 11976
11984 11984
12012 12012
12014 12014
12032 1
12033 12033
12044 12044
12052 22
12064 1
12065 12065
12074 44
12092 12092
12118 40
12132 12132
12136 1
12136 12136
12137 12137
12158 31
12160 12160
12174 12174
12184 12184
12189 60
12192 12192
12194 1
12195 12195
12249 41
12256 1
12257 12257
12262 12262
12266 1
12267 12267
12286 12286
12290 26
12294 12294
12316 45
12316 12316
12320 12320
12346 1
12347 12347
12350 1
12351 12351
12361 62
12390 12390
12423 70
12434 12434
12436 12436
12458 12458
12486 1
12487 12487
12493 11
12504 119
12536 1
12537 12537
12566 1
12567 12567
12623 136
12652 12652
12696 1
12697 12697
12732 12732
12750 12750
12756 1
12757 12757
12759 1
12760 83
12784 1
12785 12785
12842 1
12843 84
12843 12843
12850 12850
12874 1
12875 12875
12886 1
12927 8
12935 3
12938 69
12948 1
12949 12949
12950 12950
12952 1
12953 12953
12970 12970
12972 1
12973 12973
12988 12988
12990 1
12991 12991
13007 23
13030 300
13054 1
13055 13055
13058 13058
13068 13068
13074 1
13075 13075
13078 1
13079 13079
13092 13092
13132 1
13133 13133
13178 13178
13180 13180
13188 1
13189 13189
13204 13204
13222 13222
13236 1
13237 13237
13244 13244
13320 13320
13330 323
13342 13342
13350 1
13351 13351
13368 1
13369 13369
13414 1
13415 13415
13432 1
13433 13433
13446 13446
13464 13464
13474 1
13475 13475
13532 13532
13550 1
13551 13551
13554 13554
13598 1
13599 13599
13624 1
13625 13625
13653 41
13656 13656
13670 13670
13692 13692
13694 1
13694 18
13695 13695
13698 13698
13712 4
13716 57
13736 13736
13740 1
13741 13741
13748 1
13749 13749
13752 13752
13773 11
13784 1
13784 42
13785 13785
13790 13790
13802 13802
13822 13822
13826 51
13864 13864
13874 13874
13877 108
13880 13880
13904 13904
13964 1
13965 13965
13985 134
13994 13994
14044 14044
14050 14050
14052 1
14053 14053
14100 1
14101 14101
14114 1
14115 14115
14119 99
14184 1
14185 14185
14196 14196
14218 38
14234 14234
14256 1
14256 108
14257 14257
14272 14272
14278 1
14279 14279
14316 1
14317 14317
14340 14340
14364 34
14372 14372
14398 25
14423 63
14452 14452
14486 129
14538 14538
14590 1
14591 14591
14615 14
14624 14624
14629 68
14630 14630
14672 14672
14697 3
14700 36
14702 1
14703 14703
14720 14720
14730 14730
14736 151
14742 14742
14788 14788
14832 1
14833 14833
14834 1
14835 14835
14842 14842
14870 14870
14884 1
14885 14885
14887 15
14892 1
14893 14893
14902 55
14928 14928
14940 1
14941 14941
14946 14946
14952 14952
14957 27
14964 1
14965 14965
14984 21
14988 14988
15005 33
15038 241
15040 1
15041 15041
15050 15050
15072 15072
15086 1
15087 15087
15088 1
15089 15089
15090 1
15091 15091
15098 1
15099 15099
15104 15104
15128 1
15129 15129
15148 15148
15154 15154
15162 15162
15176 15176
15212 15212
15276 1
15277 15277
15279 2
15281 89
15310 15310
15314 1
15315 15315
15352 15352
15370 203
15420 1
15421 15421
15436 1
15437 15437
15460 1
15461 15461
15464 15464
15468 15468
15498 15498
15504 1
15505 15505
15522 15522
15573 92
15632 1
15633 15633
15665 94
15684 15684
15700 15700
15702 1
15703 15703
15720 1
15721 15721
15759 32
15768 15768
15772 1
15773 15773
15790 15790
15791 23
15804 15804
15814 12
15826 64
15854 1
15855 15855
15884 15884
15890 103
15898 1
15899 15899
15902 15902
15906 1
15907 15907
15954 15954
15993 88
15994 1
15995 15995
16000 16000
16050 16050
16068 16068
16074 16074
16081 144
16098 1
16099 16099
16124 1
16125 16125
16148 1
16149 16149
16164 16164
16184 16184
16194 1
16195 16195
16208 1
16209 16209
16218 16218
16220 1
16220 16220
16221 16221
16225 112
16264 1
16265 16265
16266 16266
16270 1
16271 16271
16296 1
16297 16297
16320 16320
16334 16334
16337 23
16360 79
16374 16374
16378 1
16379 16379
16382 1
16383 16383
16386 16386
16416 16416
16424 1
16425 16425
16439 258
16440 1
16441 16441
16480 16480
16482 1
16483 16483
16492 1
16493 16493
16528 1
16529 16529
16532 1
16533 16533
16646 1
16647 16647
16670 16670
16692 1
16693 16693
16696 1
16697 63
16697 16697
16760 135
16774 1
16775 16775
16792 1
16793 16793
16794 1
16795 16795
16802 1
16803 16803
16818 16818
16822 16822
16834 16834
16858 16858
16868 16868
16874 1
16875 16875
16878 16878
16895 46
16938 1
16939 16939
16941 3
16944 224
16952 16952
17012 17012
17044 17044
17056 17056
17092 17092
17112 1
17113 17113
17124 1
17125 17125
17168 31
17199 24
17223 148
17258 17258
17310 1
17311 17311
17312 1
17313 17313
17320 1
17321 17321
17346 1
17347 17347
17358 17358
17371 50
17374 17374
17400 17400
17418 1
17419 17419
17420 17420
17421 11
17426 1
17426 17426
17427 17427
17428 1
17429 17429
17432 29
17440 1
17441 17441
17452 17452
17461 143
17474 17474
17604 55
17622 1
17622 17622
17623 17623
17659 33
17682 1
17683 17683
17692 21
17702 1
17713 209
17726 1
17727 17727
17750 17750
17778 1
17779 17779
17780 17780
17796 1
17797 17797
17820 17820
17836 17836
17864 1
17865 17865
17894 17894
17900 17900
17922 62
17984 101
18000 1
18001 18001
18032 18032
18040 18040
18084 1
18085 30
18085 18085
18088 1
18089 18089
18115 21
18136 18
18154 129
18180 18180
18188 1
18189 18189
18200 18200
18232 1
18233 18233
18238 18238
18254 1
18255 18255
18283 35
18314 1
18315 18315
18318 55
18338 18338
18348 1
18349 18349
18366 1
18367 18367
18373 9
18382 31
18386 18386
18413 127
18480 18480
18540 103
18548 1
18549 18549
18600 1
18601 18601
18610 1
18611 18611
18643 113
18664 1
18665 18665
18722 1
18723 18723
18724 1
18725 18725
18738 1
18739 18739
18744 18744
18748 1
18749 18749
18756 30
18786 37
18798 18798
18823 5
18828 36
18864 155
18874 1
18875 18875
18972 18972
18996 1
18997 18997
19002 19002
19004 1
19005 19005
19019 142
19056 1
19057 19057
19078 19078
19094 1
19095 19095
19106 1
19107 19107
19148 1
19149 19149
19161 120
19194 19194
19200 19200
19246 1
19247 19247
19262 19262
19281 33
19306 1
19307 19307
19308 19308
19314 176
19390 1
19391 19391
19476 19476
19490 62
19524 1
19525 19525
19552 6
19554 19554
19558 9
19567 44
19611 79
19620 1
19621 19621
19650 19650
19690 125
19706 19706
19746 19746
19756 1
19757 19757
19778 19778
19815 40
19818 1
19818 19818
19819 19819
19855 121
19932 1
19933 19933
19976 48
20022 20022
20024 48
20026 20026
20042 20042
20060 20060
20072 1
20073 61
20126 1
20127 20127
20134 2
20136 6
20142 17
20159 197
20204 1
20204 20204
20205 20205
20288 1
20289 20289
20328 20328
20352 1
20353 20353
20356 68
20364 1
20365 20365
20368 20368
20424 118
20426 1
20427 20427
20450 1
20451 20451
20542 38
20560 20560
20580 14
20594 46
20636 1
20637 20637
20640 82
20694 1
20695 20695
20700 20700
20722 61
20762 1
20763 20763
20783 16
20796 20796
20799 30
20806 1
20807 20807
20829 84
20838 1
20839 20839
20868 20868
20902 1
20903 20903
20913 223
20918 1
20919 20919
20932 20932
20954 20954
20958 1
20959 20959
20964 1
20965 20965
21018 21018
21022 1
21023 21023
21034 1
21035 21035
21036 1
21037 21037
21052 1
21053 21053
21118 21118
21136 17
21146 1
21147 21147
21153 165
21156 1
21157 21157
21190 21190
21208 1
21209 21209
21246 1
21247 21247
21270 1
21271 21271
21300 21300
21318 45
21322 1
21323 21323
21334 21334
21363 53
21416 71
21487 130
21532 1
21533 21533
21542 21542
21546 1
21547 21547
21562 21562
21578 21578
21582 1
21583 21583
21586 21586
21588 21588
21617 77
21622 21622
21662 1
21663 21663
21664 1
21665 21665
21678 21678
21682 21682
21694 187
21722 1
21723 21723
21790 1
21791 21791
21881 14
21895 123
21916 1
21917 21917
21918 21918
21962 1
21963 21963
21976 1
21977 21977
21990 1
21991 21991
22018 153
22171 119
22172 1
22173 22173
22176 22176
22228 1
22229 22229
22290 46
22304 22304
22308 22308
22336 165
22338 1
22339 22339
22352 1
22353 22353
22382 1
22383 22383
22394 22394
22412 1
22413 22413
22428 22428
22434 1
22435 22435
22438 1
22439 22439
22454 22454
22470 22470
22501 24
22525 24
22526 22526
22544 1
22545 22545
22549 29
22572 1
22573 22573
22578 15
22593 4
22597 49
22634 1
22635 22635
22638 1
22639 22639
22646 55
22656 22656
22701 184
22768 22768
22812 1
22813 22813
22816 1
22817 22817
22852 22852
22878 22878
22885 267
22910 1
22911 22911
22960 22960
22970 22970
22990 22990
23028 1
23029 23029
23056 23056
23060 1
23061 23061
23068 23068
23096 23096
23152 47
23158 23158
23182 23182
23190 1
23191 23191
23199 46
23216 1
23217 23217
23228 23228
23236 1
23237 23237
23245 90
23335 55
23372 1
23373 23373
23390 232
23392 1
23393 23393
23396 23396
23438 1
23439 23439
23458 1
23459 23459
23494 1
23495 23495
23530 23530
23540 23540
23556 23556
23570 1
23571 23571
23616 23616
23618 23618
23622 77
23636 1
23637 23637
23699 194
23720 1
23721 23721
23736 1
23737 23737
23738 23738
23746 23746
23764 23764
23778 1
23779 23779
23844 1
23845 23845
23850 1
23851 23851
23893 43
23936 41
23944 23944
23952 1
23953 23953
23968 23968
23977 13
23990 38
24024 24024
24028 87
24028 24028
24066 24066
24088 24088
24115 40
24130 24130
24155 27
24182 26
24184 1
24185 24185
24208 19
24227 18
24245 27
24264 24264
24272 35
24272 24272
24307 58
24320 1
24321 24321
24348 1
24349 24349
24365 24
24368 24368
24384 1
24385 24385
24389 19
24390 1
24391 24391
24408 47
24455 19
24474 10
24484 36
24514 1
24515 24515
24520 122
24524 1
24525 24525
24534 24534
24572 1
24573 24573
24588 24588
24632 1
24633 24633
24640 24640
24642 26
24668 105
24694 24694
24702 24702
24773 35
24780 1
24781 24781
24808 129
24868 1
24869 24869
24872 24872
24916 24916
24937 74
24974 24974
25011 78
25074 25074
25089 6
25095 105
25134 25134
25200 49
25249 20
25269 33
25302 126
25304 1
25305 25305
25394 25394
25428 44
25464 25464
25472 30
25500 1
25501 25501
25502 127
25514 1
25515 25515
25570 25570
25629 68
25686 1
25687 25687
25697 62
25700 1
25701 25701
25750 1
25751 25751
25759 65
25824 74
25898 30
25898 25898
25900 25900
25928 103
25940 1
25941 25941
25946 25946
25976 1
25976 25976
25977 25977
25982 1
25983 25983
26031 222
26110 1
26111 26111
26116 1
26117 26117
26136 26136
26150 26150
26158 1
26159 26159
26184 26184
26253 159
26266 26266
26356 1
26357 26357
26360 1
26361 26361
26378 26378
26408 1
26409 26409
26412 11
26423 1
26424 76
26444 1
26445 26445
26474 1
26475 26475
26488 26488
26500 78
26578 231
26640 1
26641 26641
26684 1
26685 26685
26702 1
26703 26703
26738 26738
26809 26
26830 26830
26835 34
26866 1
26867 26867
26869 28
26892 26892
26897 51
26928 1
26929 26929
26948 84
26950 1
26951 26951
27032 120
27064 27064
27102 1
27103 27103
27108 1
27109 27109
27152 19
27171 29
27198 27198
27200 16
27216 35
27250 27250
27251 133
27312 27312
27340 1
27341 27341
27384 1
27384 31
27385 27385
27390 1
27391 27391
27396 1
27397 27397
27415 63
27472 27472
27478 53
27482 27482
27498 1
27499 27499
27504 1
27505 27505
27531 93
27570 1
27571 27571
27580 1
27581 27581
27604 27604
27624 385
27644 1
27645 27645
27728 27728
27748 1
27749 27749
27760 1
27761 27761
27808 27808
27930 1
27931 27931
27988 27988
28009 10
28019 34
28053 21
28074 108
28088 1
28089 28089
28100 28100
28106 1
28107 28107
28182 80
28202 1
28203 28203
28230 28230
28262 61
28323 166
28370 28370
28392 1
28393 28393
28468 28468
28489 21
28510 12
28514 28514
28522 58
28544 28544
28558 28558
28580 100
28634 28634
28680 9
28680 28680
28689 56
28744 28744
28745 46
28791 71
28862 225
28904 1
28905 28905
29076 1
29077 29077
29087 126
29182 29182
29213 40
29248 29248
29253 39
29260 1
29260 29260
29261 29261
29292 17
29309 5
29314 20
29334 158
29440 1
29441 29441
29460 29460
29484 29484
29492 212
29576 29576
29666 29666
29670 29670
29684 1
29685 29685
29704 151
29740 29740
29770 1
29771 29771
29786 29786
29855 21
29856 1
29857 29857
29876 99
29882 1
29883 29883
29892 29892
29904 1
29905 29905
29930 1
29931 29931
29975 73
29976 29976
30048 45
30082 1
30083 30083
30093 119
30100 1
30101 30101
30144 30144
30174 1
30175 30175
30178 30178
30182 1
30183 30183
30198 30198
30208 1
30209 30209
30212 595
30258 30258
30296 1
30297 30297
30308 1
30309 30309
30324 30324
30352 1
30353 30353
30424 1
30425 30425
30554 1
30555 30555
30620 1
30621 30621
30630 30630
30704 1
30705 30705
30807 4
30811 25
30836 138
30842 1
30843 30843
30874 1
30875 30875
30922 30922
30928 1
30929 30929
30936 1
30937 30937
30974 86
30996 1
30997 30997
31010 31010
31060 3
31063 25
31088 23
31111 61
31172 13
31185 11
31196 44
31240 20
31260 26
31266 31266
31286 30
31316 401
31368 1
31369 31369
31406 31406
31442 1
31443 31443
31536 1
31537 31537
31546 1
31547 31547
31580 31580
31608 1
31609 31609
31710 31710
31717 37
31754 64
31768 1
31769 31769
31798 31798
31804 31804
31814 1
31815 31815
31818 110
31908 1
31909 31909
31928 19
31947 35
31982 36
31990 31990
32000 32000
32018 11
32029 45
32074 122
32100 32100
32136 1
32137 32137
32148 1
32149 32149
32196 160
32198 1
32199 32199
32250 32250
32298 1
32299 32299
32328 32328
32356 253
32368 32368
32418 1
32419 32419
32436 32436
32440 32440
32442 1
32443 32443
32530 32530
32532 1
32533 32533
32542 1
32543 32543
32594 1
32595 32595
32609 156
32668 32668
32748 1
32749 32749
32758 32758
32765 12324
32766 1
32767 32767
32772 32772
32832 32832
32850 1
32851 32851
32882 32882
32960 32960
32966 32966
32986 1
32987 32987
33058 33058
33066 33066
33294 33294
33340 1
33341 33341
33386 1
33387 33387
33394 33394
33550 1
33551 33551
33586 33586
33590 33590
33606 1
33607 33607
33636 33636
33644 33644
33668 1
33668 33668
33669 33669
33736 33736
33750 1
33751 33751
33756 1
33757 33757
33878 33878
33904 1
33905 33905
34024 34024
34088 1
34089 34089
34112 34112
34184 34184
34226 1
34227 34227
34250 1
34251 34251
34516 1
34517 34517
34622 34622
34626 34626
34642 1
34643 34643
34694 1
34695 34695
34716 1
34717 34717
34748 1
34749 34749
34800 34800
34838 1
34839 34839
34840 1
34841 34841
34852 34852
34854 34854
34858 1
34859 34859
34882 1
34883 34883
34904 1
34905 34905
34948 1
34949 34949
35244 1
35245 35245
35246 1
35247 35247
35366 35366
35454 1
35455 35455
35500 1
35501 35501
35558 35558
35560 1
35561 35561
35594 1
35595 35595
35640 1
35641 35641
35672 1
35673 35673
35730 35730
35788 35788
35800 1
35801 35801
36002 36002
36064 36064
36080 36080
36170 36170
36178 1
36179 36179
36360 36360
36378 1
36379 36379
36400 36400
36466 36466
36476 1
36477 36477
36630 36630
36676 36676
36698 1
36699 36699
36734 36734
36772 1
36773 36773
36960 1
36961 36961
37098 1
37099 37099
37202 1
37203 37203
37222 1
37223 37223
37330 1
37331 37331
37446 1
37447 37447
37450 37450
37478 1
37479 37479
37488 1
37489 37489
37498 1
37499 37499
37596 37596
37750 1
37751 37751
37944 1
37945 37945
37994 1
37995 37995
38004 38004
38010 1
38011 38011
38114 38114
38156 1
38157 38157
38190 38190
38214 38214
38298 38298
38388 38388
38400 1
38401 38401
38494 1
38495 38495
38524 1
38525 38525
38614 1
38615 38615
38616 1
38617 38617
38782 38782
38952 38952
39050 39050
39108 39108
39242 1
39243 39243
39300 39300
39412 1
39413 39413
39492 1
39493 39493
39514 39514
39556 39556
39636 39636
39638 39638
39866 39866
40044 40044
40052 40052
40084 1
40085 40085
40120 1
40121 40121
40254 1
40255 40255
40408 1
40409 40409
40410 40410
40578 1
40579 40579
40656 1
40657 40657
40706 1
40707 40707
40730 40730
40736 1
40737 40737
40854 1
40855 40855
40902 1
40903 40903
41120 41120
41274 1
41275 41275
41390 1
41391 41391
41400 41400
41526 1
41527 41527
41592 41592
41614 41614
41678 41678
41736 41736
41806 41806
41838 1
41839 41839
41864 1
41865 41865
41908 1
41909 41909
41918 1
41919 41919
41930 1
41931 41931
42036 42036
42046 1
42047 42047
42070 42070
42074 42074
42106 1
42107 42107
42236 1
42237 42237
42294 1
42295 42295
42314 1
42315 42315
42380 42380
42494 1
42495 42495
42542 42542
42600 42600
42646 1
42647 42647
42668 1
42669 42669
43066 43066
43084 1
43085 43085
43094 1
43095 43095
43124 43124
43156 43156
43166 1
43167 43167
43172 43172
43176 1
43177 43177
43244 43244
43326 1
43327 43327
43330 43330
43356 43356
43364 43364
43446 43446
43582 1
43583 43583
43834 43834
43836 43836
43926 1
43927 43927
43954 43954
43982 1
43983 43983
44346 44346
44352 44352
44458 1
44459 44459
44608 1
44609 44609
44616 1
44617 44617
44678 1
44679 44679
44706 44706
44766 1
44767 44767
44788 44788
44826 44826
44856 44856
44870 1
44871 44871
44878 44878
44908 44908
44940 44940
45052 45052
45089 29406
45090 45090
45146 45146
45270 1
45271 45271
45278 45278
45312 45312
45536 45536
45626 1
45627 45627
45634 45634
45704 45704
45756 45756
45822 45822
45920 1
45921 45921
45940 45940
45980 1
45981 45981
46058 46058
46112 1
46113 46113
46122 1
46123 46123
46136 1
46137 46137
46192 46192
46316 1
46317 46317
46364 46364
46382 46382
46434 1
46435 46435
46474 1
46475 46475
46746 46746
46786 46786
46792 46792
46878 1
46879 46879
46918 1
46919 46919
46990 1
46991 46991
47060 47060
47080 47080
47112 1
47113 47113
47142 1
47143 47143
47232 1
47233 47233
47236 1
47237 47237
47274 47274
47442 1
47443 47443
47474 47474
47476 47476
47492 1
47493 47493
47528 47528
47558 47558
47690 1
47691 47691
47702 47702
47888 1
47889 47889
47906 47906
47936 1
47937 47937
48048 48048
48056 48056
48132 48132
48176 1
48177 48177
48260 1
48261 48261
48370 48370
48528 48528
48544 1
48545 48545
48642 48642
48698 48698
48736 48736
48770 1
48771 48771
48782 1
48783 48783
49030 1
49031 49031
49050 1
49051 49051
49068 49068
49146 1
49147 49147
49176 1
49177 49177
49266 1
49267 49267
49280 1
49281 49281
49388 1
49389 49389
49404 1
49405 49405
49562 1
49563 49563
49738 1
49739 49739
49744 49744
49832 49832
49948 49948
50148 1
50149 50149
50268 1
50269 50269
50610 50610
50788 1
50789 50789
50928 50928
51002 51002
51030 51030
51140 51140
51374 51374
51502 51502
51800 51800
51882 1
51883 51883
51892 51892
51952 51952
51954 51954
51966 1
51967 51967
52222 52222
52234 1
52235 52235
52272 1
52273 52273
52300 1
52301 52301
52318 52318
52368 52368
52532 52532
52714 1
52715 52715
52722 52722
52756 1
52757 52757
52818 1
52819 52819
52890 1
52891 52891
52950 52950
52976 1
52977 52977
53282 1
53370 1
53371 53371
53406 1
53407 53407
53476 1
53477 53477
53660 1
53661 53661
53734 53734
53784 1
53785 53785
53858 53858
53902 1
53903 53903
54128 54128
54206 1
54207 54207
54218 54218
54396 1
54397 54397
54500 1
54501 54501
54624 1
54625 54625
54682 54682
54770 1
54771 54771
54782 54782
54794 54794
54944 1
54945 54945
54964 1
54965 54965
54998 54998
55010 1
55011 55011
55142 55142
55162 55162
55208 1
55209 55209
55290 55290
55456 1
55457 55457
55498 1
55499 55499
55522 55522
55616 1
55617 55617
55862 55862
55976 55976
56178 56178
56200 1
56201 56201
56214 56214
56406 56406
56460 56460
56740 56740
56786 56786
56936 56936
57028 57028
57088 1
57089 57089
57116 57116
57268 57268
57360 57360
57488 1
57489 57489
57810 1
57811 57811
58154 1
58155 58155
58364 58364
58496 58496
58520 58520
58522 58522
58882 1
58883 58883
58920 58920
58968 1
58969 58969
59152 1
59153 59153
59332 1
59333 59333
59340 1
59341 59341
59370 1
59371 59371
59480 1
59481 59481
59542 1
59543 59543
59572 1
59573 59573
59714 1
59715 59715
59766 59766
59784 59784
59810 1
59811 59811
59862 1
59863 59863
59952 59952
60166 60166
60202 1
60203 60203
60288 1
60289 60289
60350 60350
60356 1
60357 60357
60366 1
60367 60367
60396 1
60397 60397
60418 1
60419 60419
60516 60516
60594 60594
60618 60618
60648 1
60649 60649
60706 60706
60850 60850
61110 61110
61242 1
61243 61243
61260 61260
61410 61410
61686 61686
61750 1
61751 61751
61844 1
61845 61845
61858 1
61859 61859
61874 61874
61994 1
61995 61995
62020 62020
62532 62532
62738 62738
62812 62812
62886 62886
63074 63074
63094 1
63095 63095
63160 63160
63218 63218
63420 1
63421 63421
63538 1
63539 63539
63596 1
63608 1
63609 63609
63630 1
63631 63631
63818 63818
63980 1
63981 63981
64000 1
64001 64001
64200 1
64201 64201
64274 64274
64298 64298
64398 1
64399 64399
64500 1
64501 64501
64598 64598
64656 1
64657 64657
64736 1
64737 64737
64838 64838
64872 64872
64880 64880
64886 1
64887 64887
65060 1
65061 65061
65066 65066
65086 65086
65336 1
65337 65337
65498 1
65499 65499
65516 65516
65534 1
65544 65544
65664 65664
65702 1
65703 65703
65764 1
65765 65765
65920 65920
65932 1
65933 65933
65974 65974
66116 1
66117 66117
66132 66132
66588 1
66589 66589
66682 1
66683 66683
66774 1
66775 66775
66788 66788
67102 67102
67172 1
67173 67173
67180 67180
67214 1
67215 67215
67272 1
67273 67273
67288 67288
67336 1
67337 67337
67338 67338
67472 1
67473 67473
67502 67502
67514 1
67515 67515
67756 1
67757 67757
67810 67810
68048 68048
68178 1
68179 68179
68224 68224
68368 68368
68454 68454
69034 1
69035 69035
69244 69244
69252 1
69286 1
69287 69287
69390 1
69391 69391
69434 1
69435 69435
69498 69498
69600 1
69601 69601
69678 1
69679 69679
69682 1
69683 69683
69704 69704
69708 1
69709 69709
69718 69718
69766 69766
69810 69810
69898 69898
70490 70490
70494 1
70495 70495
70732 70732
70910 70910
71002 71002
71116 71116
71122 1
71123 71123
71190 1
71191 71191
71282 71282
71346 71346
71460 71460
71576 71576
71602 71602
72004 72004
72128 1
72129 72129
72160 1
72161 72161
72340 72340
72358 72358
72720 1
72721 72721
72758 72758
72800 72800
72932 1
72933 72933
72954 1
72955 72955
73260 73260
73352 73352
73398 73398
73468 1
73469 73469
73546 1
73547 73547
73922 1
73923 73923
74198 74198
74406 1
74407 74407
74446 1
74447 74447
74495 25906
74662 74662
74894 74894
74900 74900
74958 1
74959 74959
74978 74978
74998 74998
75192 1
75193 75193
75502 75502
75890 75890
75990 1
75991 75991
76008 76008
76022 76022
76228 1
76229 76229
76314 76314
76380 1
76381 76381
76428 76428
76596 76596
76776 76776
76802 1
76803 76803
76990 1
76991 76991
77050 77050
77230 1
77231 77231
77234 77234
77564 77564
77904 1
77905 77905
78100 78100
78216 78216
78600 1
78601 78601
78826 1
78827 78827
78986 1
78987 78987
79028 1
79029 79029
79112 1
79113 79113
79272 79272
79276 79276
79732 79732
80088 1
80089 80089
80104 80104
80170 1
80171 80171
80510 1
80511 80511
80818 80818
80820 1
80821 80821
81158 81158
81314 81314
81414 1
81415 81415
81460 81460
81474 1
81475 81475
81806 81806
82240 1
82241 82241
82550 82550
82782 1
82783 82783
82800 82800
83054 1
83055 83055
83184 83184
83228 83228
83356 83356
83472 1
83473 83473
83612 83612
83678 1
83730 1
83731 83731
83818 83818
83838 1
83839 83839
83862 1
83863 83863
84072 1
84073 84073
84094 1
84095 84095
84140 1
84141 84141
84148 84148
84214 1
84215 84215
84474 1
84475 84475
84590 1
84591 84591
84630 1
84631 84631
84760 1
84761 84761
84990 84990
85084 1
85085 85085
85200 85200
85294 85294
85338 85338
86132 86132
86170 1
86171 86171
86190 86190
86248 86248
86312 1
86313 86313
86334 86334
86344 86344
86354 86354
86488 1
86489 86489
86654 1
86655 86655
86660 86660
86712 86712
86728 86728
86892 1
86893 86893
87166 87166
87668 1
87669 87669
87672 87672
87854 1
87855 87855
87908 87908
87966 1
87967 87967
88692 1
88693 88693
88704 88704
88918 88918
89218 1
89219 89219
89234 89234
89358 1
89359 89359
89412 1
89413 89413
89534 1
89535 89535
89576 89576
89652 1
89653 89653
89712 1
89713 89713
89742 1
89743 89743
89756 89756
89816 89816
89880 1
89881 89881
90104 1
90105 90105
90180 1
90181 90181
90292 90292
90542 90542
90556 90556
90624 1
90625 90625
91072 91072
91254 91254
91268 1
91269 91269
91408 1
91409 91409
91512 91512
91644 91644
91842 1
91843 91843
91880 1
91881 91881
91962 91962
92116 92116
92226 1
92227 92227
92246 1
92247 92247
92274 1
92275 92275
92384 1
92385 92385
92634 92634
92728 92728
92764 92764
92870 1
92871 92871
92950 1
92951 92951
93492 93492
93584 93584
93758 1
93759 93759
93838 1
93839 93839
93982 93982
94160 1
94161 94161
94226 1
94227 94227
94286 1
94287 94287
94466 94466
94474 94474
94548 1
94549 94549
94886 94886
94948 1
94949 94949
94952 1
94953 94953
94986 94986
95056 1
95057 95057
95116 1
95117 95117
95382 95382
95404 1
95405 95405
95778 95778
95812 95812
95874 1
95875 95875
96096 1
96097 96097
96112 1
96113 96113
96264 1
96265 96265
96354 96354
96522 96522
96740 96740
97056 97056
97090 97090
97284 1
97285 97285
97396 1
97472 97472
97542 1
97543 97543
97566 1
97567 97567
98062 98062
98102 98102
98136 98136
98294 98294
98354 1
98355 98355
98534 98534
98562 98562
98778 1
98779 98779
98810 98810
99126 1
99127 99127
99478 1
99479 99479
99488 99488
99664 99664
99896 99896
100298 1
100401 12887
100538 1
100538 100538
101220 101220
101578 1
101579 101579
101856 101856
102004 1
102005 102005
102060 1
102061 102061
102280 1
102281 102281
102748 1
102749 102749
103004 103004
103600 1
103601 103601
103766 103766
103784 1
103785 103785
103904 103904
103908 1
103909 103909
103934 1
103935 103935
104444 1
104445 104445
104470 1
104471 104471
104602 1
104603 104603
104636 104636
104736 104736
105064 1
105065 105065
105430 105430
105444 105444
105514 105514
105638 105638
105782 1
105783 105783
105900 1
105901 105901
105954 1
105955 105955
106742 1
106743 106743
106814 106814
106954 1
106955 106955
107322 107322
107468 1
107469 107469
107570 107570
107716 1
107717 107717
107806 107806
108256 1
108257 108257
108414 1
108415 108415
108436 1
108437 108437
108794 1
108795 108795
109002 109002
109250 1
109251 109251
109364 1
109365 109365
109542 109542
109564 1
109565 109565
109588 109588
109890 1
109891 109891
109930 1
109931 109931
109996 109996
110022 1
110023 110023
110284 110284
110580 110580
110914 1
110998 1
110999 110999
111044 1
111045 111045
111234 1
111235 111235
111724 1
111725 111725
111952 111952
112356 112356
112402 1
112403 112403
112428 1
112429 112429
112812 112812
112920 112920
113288 489944
113480 1
113481 113481
113572 1
113573 113573
113872 1
113873 113873
114056 114056
114178 114178
114232 1
114233 114233
114536 114536
114720 1
114721 114721
114978 114978
115622 115622
116310 1
116311 116311
116728 116728
116992 116992
117040 117040
117044 117044
117766 1
117767 117767
117840 1
117938 117938
118306 118306
118666 1
118667 118667
118682 1
118683 118683
118742 1
118743 118743
118962 118962
119086 119086
119146 119146
119430 119430
119532 1
119533 119533
119568 119568
119622 119622
119726 1
119727 119727
119904 1
119905 119905
120332 120332
120406 120406
120578 1
120579 120579
120700 120700
120714 120714
120734 1
120735 120735
120794 1
120795 120795
120838 1
121032 121032
121188 1
121189 121189
121236 121236
121298 121298
121700 121700
122220 122220
122486 122486
122520 1
122521 122521
122820 1
122821 122821
123502 1
123503 123503
123690 1
123691 123691
123718 1
123719 123719
123748 1
123749 123749
123990 123990
124040 1
124041 124041
125064 125064
125476 125476
125624 125624
125772 125772
126148 126148
126190 126190
126320 1
126321 126321
126436 126436
126842 126842
127078 1
127079 127079
127218 127218
127262 1
127263 127263
127636 1
127637 127637
127962 1
127963 127963
128002 128002
128402 1
128403 128403
128548 128548
128596 128596
128798 1
128799 128799
129002 1
129003 129003
129196 129196
129314 1
129315 129315
129474 129474
129676 1
129677 129677
129744 1
129745 129745
129760 129760
129774 1
129775 129775
130122 1
130123 130123
130132 130132
130172 130172
130674 1
130675 130675
130998 130998
131032 131032
131328 1
131329 131329
131406 131406
131530 131530
131840 1
131841 131841
131866 1
131867 131867
131948 131948
132234 132234
132264 1
132265 132265
133178 133178
133366 1
133367 133367
133550 1
133551 133551
133576 1
133577 133577
134204 1
134205 134205
134346 134346
134360 1
134361 134361
134430 134430
134546 134546
134674 1
134675 134675
134676 1
134677 134677
134946 134946
135004 135004
135030 135030
135514 1
135515 135515
135620 135620
136096 136096
136358 136358
136448 1
136449 136449
136736 1
136737 136737
136908 136908
138070 1
138071 138071
138488 1
138489 138489
138574 1
138575 138575
138782 138782
138870 1
138871 138871
138996 1
138997 138997
139202 139202
139358 1
139359 139359
139366 139366
139408 1
139409 139409
139418 1
139419 139419
139436 139436
139532 1
139533 139533
139620 139620
139796 1
139797 139797
140980 1
140981 140981
140990 1
140991 140991
141464 1
141465 141465
141820 1
141821 141821
142004 1
142005 142005
142232 1
142233 142233
142246 1
142247 142247
142382 142382
142564 1
142565 142565
142692 1
142693 142693
142920 142920
143152 143152
143204 143204
144008 1
144009 144009
144258 144258
144322 1
144323 144323
144680 144680
144716 1
144717 144717
145442 1
145443 145443
145516 1
145517 145517
145600 145600
145866 145866
145910 1
145911 145911
146520 1
146521 146521
146704 1
146705 146705
146796 146796
146938 146938
147094 1
147095 147095
147846 1
148396 1
148397 148397
148814 1
148815 148815
149324 1
149325 149325
149788 1
149789 149789
149800 149800
149918 1
149919 149919
149956 149956
149996 149996
150386 1
150387 150387
151004 151004
151780 1
151781 151781
151982 151982
152016 1
152017 152017
152044 1
152045 152045
152458 152458
152762 152762
152856 152856
153192 153192
153982 1
153983 153983
154100 1
154101 154101
154462 154462
154468 1
154469 154469
155128 1
155129 155129
155810 155810
156200 1
156201 156201
157202 1
157203 157203
157654 1
157655 157655
157974 157974
158058 1
158059 158059
158226 1
158227 158227
158544 158544
159464 1
159465 159465
160178 1
160179 160179
160208 160208
160342 160342
161022 161022
161636 1
161637 161637
161642 161642
162316 1
162628 162628
162830 162830
162920 162920
162950 1
162951 162951
163612 1
163613 163613
164482 1
164483 164483
165100 165100
165566 165566
165600 1
165601 165601
166110 166110
166368 166368
166456 1
166457 166457
166946 1
166947 166947
167224 1
167225 167225
167462 1
167463 167463
167636 167636
167678 167678
167726 167726
168282 1
168283 168283
168296 1
168297 168297
168430 1
168950 1
168951 168951
169182 169182
169262 169262
169522 169522
169980 169980
170170 1
170171 170171
170400 170400
170588 1
170589 170589
170676 1
170677 170677
172264 1
172265 172265
172342 1
172343 172343
172380 1
172496 1
172497 172497
172626 172626
172668 1
172669 172669
172688 1
172689 172689
172708 172708
172978 1
172979 172979
173310 1
173311 173311
173320 173320
173424 173424
173456 1
173457 173457
173786 1
173787 173787
174332 1
175338 175338
175344 175344
175710 175710
175816 175816
175934 1
175935 175935
177386 177386
177408 177408
177836 1
177837 177837
178438 1
178439 178439
178468 1
178469 178469
178718 1
178719 178719
178826 178826
179070 179070
179152 1
179153 179153
179306 1
179307 179307
179486 1
179487 179487
179512 179512
179632 1
179633 179633
179762 179762
180210 180210
180362 180362
180584 180584
181084 181084
181112 1
181113 181113
181250 1
181251 181251
182144 182144
182508 1
182509 182509
182538 182538
182818 182818
183024 183024
183288 1
183289 183289
183686 1
183687 183687
183762 1
183763 183763
183924 1
183925 183925
184232 1
184233 184233
184454 1
184455 184455
184494 1
184495 184495
184550 184550
184770 1
184771 184771
185268 185268
185456 185456
185528 1
185529 185529
185742 185742
185902 1
185903 185903
186984 1
186985 186985
187168 187168
187678 1
187679 187679
187964 1
188322 188322
188454 1
188455 188455
188574 1
188575 188575
188932 1
188933 188933
188948 1
188949 188949
189098 189098
189772 1
189773 189773
189898 1
189899 189899
189906 189906
189972 1
189973 189973
190114 190114
190234 1
190235 190235
190764 190764
190810 1
190811 190811
191556 1
191557 191557
191624 191624
191750 1
191751 191751
192194 192194
192226 192226
192708 192708
193044 193044
193480 1
193481 193481
194112 194112
194180 194180
194570 1
194571 194571
194944 194944
195086 195086
195134 1
195135 195135
196124 1
196204 196204
196272 196272
196588 1
196589 196589
196710 196710
197068 1
197069 197069
197124 1
197125 197125
197620 197620
198254 1
198255 198255
198958 1
198976 1
198977 198977
199328 1
199792 1
199793 199793
201076 1
201077 201077
202440 202440
203158 1
203159 203159
203712 203712
204010 1
204011 204011
204122 204122
204562 1
204563 204563
205498 205498
206008 1
206009 206009
207532 1
207533 207533
207570 1
207571 207571
207808 207808
207818 1
207819 207819
207870 207870
208942 208942
209206 1
209207 209207
209272 209272
209472 209472
210130 1
210131 210131
210860 1
210861 210861
210888 210888
211028 1
211029 211029
211276 211276
211566 211566
211802 1
211803 211803
211910 1
211911 211911
213486 1
213487 213487
213628 213628
213910 213910
214644 1
214645 214645
214938 214938
215140 1
215141 215141
215434 1
215612 215612
216830 1
216831 216831
216874 216874
217590 217590
218004 1
218730 1
218731 218731
219084 1
219085 219085
219130 1
219131 219131
219176 219176
219782 1
219783 219783
219862 1
219863 219863
219992 219992
220046 1
220047 220047
220568 220568
221160 1
221161 221161
221998 221998
223450 223450
223904 223904
224712 1
224806 224806
224858 224858
225624 1
225625 225625
225840 1
225841 225841
226962 1
227146 1
227147 227147
227746 1
227747 227747
228112 228112
228356 228356
229072 1
229073 229073
229442 229442
229956 229956
231244 231244
232622 232622
233456 1
233457 233457
233984 233984
234080 234080
235534 235534
235876 235876
236612 236612
237334 1
237335 237335
237486 1
237487 237487
237924 1
237925 237925
238172 238172
238292 1
238293 238293
238860 1
238861 238861
239066 239066
239136 1
239137 239137
239244 1
239245 239245
239454 239454
239810 1
239811 239811
240664 240664
240812 240812
241158 1
241159 241159
241400 241400
241428 1
241429 241429
241470 241470
241590 1
241591 241591
242064 242064
242378 242378
242472 1
242473 242473
242596 242596
243400 1
243401 243401
244440 244440
244972 244972
245042 245042
245642 245642
247006 1
247007 247007
247438 247438
247980 1
247981 247981
248082 1
248083 248083
250128 250128
250952 250952
251248 1
251249 251249
251544 1
251545 251545
252296 1
252297 252297
252380 252380
252642 1
252872 1
253684 1
253685 253685
254158 254158
254436 1
254526 1
254527 254527
255274 1
255926 1
256004 1
256806 256806
257096 1
257097 257097
257192 257192
257598 257598
258006 1
258007 258007
258392 258392
258630 1
258948 258948
259520 1
259521 259521
260246 1
260247 260247
260344 260344
261350 1
261996 261996
262064 1
262065 262065
262658 1
262659 262659
262812 262812
263060 263060
263682 1
263683 263683
263734 263734
263896 1
264468 264468
264530 264530
266356 1
266357 266357
266734 266734
267102 1
267103 267103
268410 1
268411 268411
268692 268692
268722 268722
268860 268860
269092 1
269093 269093
269354 1
269355 269355
269892 1
270008 1
270009 270009
270060 270060
271030 1
271031 271031
271240 1
271241 271241
272716 1
272717 272717
272898 1
272899 272899
273474 273474
273816 273816
276142 1
276143 276143
276978 1
276979 276979
277150 277150
277564 1
277565 277565
277742 1
277743 277743
277994 1
277995 277995
278718 1
278719 278719
278732 278732
278818 1
278819 278819
278838 278838
278872 278872
279066 1
279067 279067
279240 279240
279594 279594
281962 1
281963 281963
281982 281982
282930 1
282931 282931
283642 283642
284010 284010
284466 1
284467 284467
284494 284494
284764 1
284765 284765
285130 1
285131 285131
285386 285386
285840 285840
286304 1
286305 286305
286408 286408
288018 1
288019 288019
288516 288516
288646 1
288647 288647
289360 289360
289434 1
289435 289435
290886 1
290887 290887
291034 291034
291822 1
291823 291823
293042 1
293043 293043
293410 1
293411 293411
293592 1
293593 293593
293876 293876
294190 294190
296794 296794
297630 297630
298650 1
298651 298651
299578 1
299579 299579
299600 1
299838 299838
299912 1
299913 299913
299992 1
299993 299993
300774 300774
302008 1
302009 302009
303562 303562
303964 303964
304034 1
304035 304035
304090 1
304091 304091
305524 305524
305712 1
305713 305713
306384 1
306385 306385
307966 1
307967 307967
308202 1
308203 308203
308924 1
308925 308925
308938 308938
310258 1
310259 310259
311620 1
311621 311621
312402 312402
314406 1
314407 314407
315310 1
315311 315311
315948 315948
316118 316118
316454 1
316455 316455
317088 1
317089 317089
318930 1
320358 320358
320416 1
320417 320417
320684 320684
322044 322044
323274 1
323275 323275
323284 323284
325256 325256
325660 1
325661 325661
325840 325840
325902 1
325903 325903
327226 1
328966 328966
330200 330200
331132 1
331132 331132
331133 331133
331202 331202
332914 1
332915 332915
333894 1
333895 333895
334450 334450
334926 1
335272 335272
335356 335356
336566 1
336594 1
336595 336595
337902 337902
338364 338364
338524 1
339044 339044
340342 340342
340800 340800
341178 341178
341354 1
341355 341355
344530 1
344531 344531
344686 1
344687 344687
344994 1
344995 344995
345338 345338
345378 345378
345416 1
345417 345417
346622 346622
346848 1
346849 346849
346914 346914
347574 1
347575 347575
350676 1
350677 350677
350688 350688
351420 351420
351632 1
351870 1
351871 351871
354772 354772
354816 354816
355674 1
355675 355675
356878 356878
356938 1
356939 356939
357652 357652
358306 358306
358614 358614
358974 1
358975 358975
359024 1
359025 359025
359266 1
359524 1
359525 359525
360420 360420
360724 1
360725 360725
361168 1
361169 361169
362226 362226
364288 364288
365076 1
365077 365077
365636 1
365637 365637
366048 366048
366578 366578
367374 1
367375 367375
367526 1
367527 367527
367850 367850
368466 368466
368910 1
368911 368911
368990 1
368991 368991
369100 1
369101 369101
369542 1
369543 369543
370536 370536
370912 1
370913 370913
371484 371484
371806 371806
373970 373970
374336 374336
375358 1
376644 1
376910 1
376911 376911
377150 377150
377866 377866
377898 377898
378196 378196
379546 1
379547 379547
379798 1
379799 379799
379812 379812
379946 379946
380228 1
380229 380229
380470 1
380471 380471
381622 381622
383114 1
383115 383115
383248 1
383249 383249
383502 1
383503 383503
384388 1
384389 384389
384452 1
384453 384453
385416 1
385417 385417
386088 1
386089 386089
386962 1
388360 388360
389142 1
389143 389143
389888 389888
390172 1
390173 390173
392544 392544
393178 393178
393420 393420
394138 1
394250 394250
395240 1
395241 395241
396510 396510
397954 397954
399586 1
399587 399587
402154 402154
404880 1
404881 404881
406318 1
406319 406319
407424 1
407425 407425
408022 1
408023 408023
408244 408244
409126 409126
412018 1
415066 415066
415142 415142
415638 1
415639 415639
417884 417884
418544 418544
418944 1
418945 418945
420262 420262
421776 421776
422552 1
422553 422553
423132 1
423133 423133
423606 1
426974 426974
427256 427256
429290 429290
429876 1
429877 429877
430282 430282
431224 431224
433662 433662
433748 433748
437462 437462
438170 438170
438262 1
438263 438263
439566 1
439726 1
439727 439727
439984 1
439985 439985
440094 1
440095 440095
441136 1
441137 441137
442322 442322
446900 446900
447808 447808
449612 449612
449716 1
449717 449717
451250 451250
451682 1
451683 451683
454294 454294
455494 455494
456224 456224
456712 456712
458146 1
458147 458147
458884 1
458885 458885
459912 459912
462488 462488
465244 465244
466914 466914
467968 467968
468160 468160
471068 1
471069 471069
473224 1
473225 473225
474670 474670
474974 1
474975 474975
476344 1
476586 1
476587 476587
477722 1
477723 477723
478132 478132
478274 1
478275 478275
478908 1
479622 1
479623 479623
481328 1
481329 481329
481624 1
481625 481625
482318 1
482800 1
482858 1
482859 482859
482940 1
482941 482941
483182 483182
484128 484128
484946 484946
485192 485192
486802 486802
488880 488880
490084 1
490085 490085
491284 1
491285 491285
494014 1
494015 494015
495962 495962
496166 1
500256 500256
501904 1
501905 501905
502498 502498
504594 1
504595 504595
504760 504760
507370 1
507371 507371
508316 1
508317 508317
513612 513612
514194 514194
516784 516784
520494 520494
520688 520688
523992 523992
524130 1
524131 524131
525624 1
525625 525625
526120 526120
527366 527366
527468 1
528936 1
528937 528937
529060 529060
532714 1
532715 532715
533468 533468
534206 534206
536822 536822
537384 537384
537444 1
537445 537445
537720 1
537721 537721
538186 538186
538710 1
538711 538711
542062 1
542063 542063
542482 1
545434 1
545435 545435
545798 1
546948 546948
547632 547632
552286 1
552287 552287
553958 1
553959 553959
554300 554300
555130 555130
555486 555486
555990 1
555991 555991
557438 557438
557464 557464
557638 1
557639 557639
557676 557676
557744 557744
558134 1
558135 558135
558480 558480
559188 1
559189 559189
563926 563926
563964 1
563965 563965
565862 565862
567284 1
568020 568020
568934 1
568988 568988
569530 569530
570262 570262
570772 570772
571680 571680
572610 1
572816 1
572817 572817
576038 1
577294 1
577295 577295
578720 1
578721 578721
578870 1
578871 578871
581774 1
581775 581775
582068 582068
583646 1
586086 586086
586822 586822
587186 1
587187 587187
587752 1
587753 587753
588380 1
597302 597302
599158 599158
599676 599676
599826 599826
599986 1
601548 1
601549 601549
603232 68
603300 335452
607124 607124
607928 607928
608070 608070
611426 611426
612770 1
612771 612771
615934 615934
616406 1
616407 616407
617850 617850
617876 617876
620518 620518
623242 623242
624804 1
624805 624805
628814 1
630622 1
630623 630623
631896 1
631897 631897
632910 1
632911 632911
634178 1
640716 1
640717 640717
640834 1
641368 1
641369 641369
644088 1
646550 646550
646568 1
646569 646569
650512 1
650513 650513
651322 1
651323 651323
651680 1
651681 651681
651806 1
657932 1
657933 657933
660400 1
660401 660401
662266 662266
662404 662404
665830 1
667790 667790
668900 668900
670544 1
670545 670545
673190 673190
675804 1
675805 675805
676728 1
676729 676729
678088 1
678089 678089
680684 1
680685 680685
681600 681600
682356 1
682357 682357
682710 682710
689062 689062
689374 689374
689990 689990
690676 690676
690756 690756
690834 1
690835 690835
693244 693244
693698 693698
695150 695150
701354 1
701355 701355
703742 703742
709544 1
709632 709632
711350 1
711351 711351
713756 713756
713878 1
713879 713879
717228 717228
717950 1
718050 718050
719050 1
719051 719051
721450 1
721451 721451
724452 1
724453 724453
728576 1
730154 1
730155 730155
731274 731274
732096 732096
733156 733156
734750 1
734751 734751
735054 1
735700 735700
736932 1
736933 736933
737822 1
739086 739086
741072 1
741073 741073
741826 1
741827 741827
742968 1
742969 742969
743612 743612
747940 1
747941 747941
748672 748672
753822 1
753823 753823
754300 1
754301 754301
755796 1
755797 755797
759094 1
759095 759095
759598 759598
759624 759624
759892 759892
760942 1
760943 760943
763244 1
766498 766498
767006 1
767007 767007
768778 768778
768906 768906
770834 1
770835 770835
776720 1
778286 778286
779776 1
779777 779777
780346 1
780347 780347
785088 1
785089 785089
786356 786356
786840 786840
788500 1
788501 788501
790482 1
790483 790483
793020 1
795908 795908
799174 1
799175 799175
809762 809762
812638 812638
816488 1
816489 816489
818252 1
818253 818253
830132 1
830133 830133
830284 830284
835768 1
835769 835769
837088 1
837089 837089
837890 837890
840524 840524
843552 843552
845106 845106
853948 853948
854512 854512
859754 1
859755 859755
860564 860564
862448 1
862449 862449
867324 867324
867496 1
867497 867497
874924 1
874925 874925
876340 1
876341 876341
876526 1
876527 876527
879970 1
879971 879971
882274 882274
884644 884644
895616 895616
899224 899224
899434 1
899435 899435
902500 1
903366 903366
908588 908588
910988 1
910989 910989
912448 912448
913424 1
913425 913425
916294 1
916295 916295
917770 917770
919824 1
919825 919825
930488 1
930489 930489
933828 933828
935936 935936
938752 503090
942138 1
942139 942139
946450 946450
949340 949340
949950 949950
953174 1
955446 955446
956264 956264
956550 1
956551 956551
962658 1
962659 962659
963250 1
963251 963251
965718 1
965719 965719
965882 965882
968256 968256
969892 969892
970384 1
970385 970385
973604 1
973605 973605
977760 977760
980170 980170
988030 988030
991924 991924
1003810 1
1004996 1004996
1009190 1
1009191 1009191
1009520 1
1009521 1009521
1014742 1014742
1016634 1
1016635 1016635
1028388 1028388
1033568 1
1033569 1033569
1041376 1041376
1047984 1047984
1048262 1
1048263 1048263
1051250 1
1057874 1
1057875 1057875
1058120 1
1058121 1058121
1065430 1
1065431 1065431
1066936 1066936
1068412 1
1068413 1068413
1073644 1073644
1074890 1
1075442 1075442
1076372 1076372
1084126 1084126
1090870 1090870
1093896 1
1093897 1093897
1104574 1104574
1107918 1107918
1108600 1
1108601 1108601
1110260 1
1110972 1
1110973 1110973
1111982 1
1114876 1
1114877 1114877
1114928 1
1114929 1114929
1115278 1115278
1115352 1115352
1115488 1115488
1116270 1
1116271 1116271
1118378 1
1118379 1118379
1127930 1
1131724 1
1137976 1137976
1139060 1139060
1140524 1
1140525 1140525
1141544 1
1143360 1
1143361 1143361
1145634 1145634
1154590 1
1154591 1154591
1157442 1
1157742 1
1164136 1164136
1172172 1172172
1173644 1
1173645 1173645
1194604 1
1194605 1194605
1199352 1199352
1199652 1199652
1203098 1
1215856 1
1215857 1215857
1216140 1
1216141 1216141
1222852 1222852
1231868 1
1231869 1231869
1232814 1
1235752 1235752
1241036 1
1241037 1241037
1261246 1261246
1265822 1
1281434 1
1281435 1281435
1282738 1282738
1293100 1293100
1301026 1301026
1303362 1303362
1315866 1
1315867 1315867
1320802 1320802
1324532 1
1324533 1324533
1337800 1
1337801 1337801
1341090 1341090
1346380 1
1346381 1346381
1351610 1351610
1353458 1
1353459 1353459
1356178 1356178
1363200 1
1363201 1363201
1364714 1
1364715 1364715
1365420 1365420
1378748 1
1378749 1378749
1379980 1379980
1381352 1
1381353 1381353
1381670 1381670
1386488 1386488
1387396 1
1387397 1387397
1390300 1390300
1402710 1
1402711 1402711
1407484 1
1407485 1407485
1422702 1
1422703 1422703
1427758 1427758
1434456 1434456
1438102 1
1441842 299601
1460310 1
1460311 1460311
1462548 1462548
1464192 1464192
1469502 1469502
1471400 1471400
1473866 1
1478172 1
1478173 1478173
1482146 1
1483654 1483654
1485938 1
1495882 1
1495883 1495883
1497344 1
1497345 1497345
1507646 1507646
1508602 1508602
1511594 1
1511595 1511595
1519196 1519196
1519248 1519248
1521886 1
1521887 1521887
1532996 1
1534014 1534014
1537812 1537812
1541670 1
1556572 1
1556573 1556573
1560694 1560694
1577002 1
1577003 1577003
1580966 1580966
1591816 1
1598350 1
1598351 1598351
1619524 1
1619525 1619525
1625276 1625276
1660568 1660568
1671538 1671538
1674178 1
1674179 1674179
1675780 1
1675781 1675781
1681048 1
1681049 1681049
1687104 1
1687105 1687105
1690212 1
1707896 1
1707897 1707897
1721128 1
1724898 1
1724899 1724899
1734648 1734648
1734994 1
1734995 1734995
1741443 63597
1749850 1749850
1752682 1
1752683 1752683
1753054 1
1759942 1759942
1764548 1
1769288 1
1769289 1769289
1791232 1791232
1798448 1
1798449 1798449
1798870 1
1798871 1798871
1805040 222090
1806732 1
1806733 1806733
1821978 1821978
1824896 1824896
1832590 1832590
1835540 1
1835541 1835541
1839650 1839650
1860978 1
1867656 1867656
1884278 1
1898680 1
1899900 1899900
1910892 1910892
1912528 1
1925318 1
1926502 1926502
1931438 1
1931764 1
1936512 1936512
1940770 1
1955520 1
1955521 1955521
1983848 1
2009992 2009992
2018382 1
2018383 2018383
2019042 2019042
2027130 237366
2029484 2029484
2056776 2056776
2067138 2067138
2082752 1
2082753 2082753
2095968 2095968
2096526 2096526
2130862 1
2133872 2133872
2147288 1
2152744 1
2168252 1
2168253 2168253
2181740 1
2181741 2181741
2187794 1
2187795 2187795
2209148 1
2215836 2215836
2221946 2221946
2229754 2229754
2229858 1
2230704 1
2236758 1
2264496 345958
2278120 1
2278121 2278121
2281050 1
2281051 2281051
2286722 1
2291268 2291268
2328272 1
2347290 2347290
2399304 1
2399305 2399305
2431714 1
2431715 2431715
2432282 1
2471504 2471504
2522492 1
2565476 2565476
2586200 2586200
2602052 1
2606724 2606724
2610454 104546
2631734 1
2641604 1
2675602 1
2675603 2675603
2692762 1
2692763 2692763
2703220 1
2703221 2703221
2712356 1
2712357 2712357
2715000 255275
2726402 2726402
2729430 1
2729431 2729431
2730840 1
2757498 2757498
2759960 1
2762706 1
2762707 2762707
2763340 1
2763341 2763341
2772976 2772976
2774794 1
2780600 1
2805422 1
2814970 2814970
2855516 2855516
2920622 2920622
2925096 2925096
2956346 1
2956347 2956347
2967308 1
2970275 334927
2991766 1
2991767 2991767
2994690 2994690
3015292 1
3017204 3017204
3023190 1
3038392 3038392
3038496 3038496
3043774 1
3043775 3043775
3068028 1
3113146 1
3113147 3113147
3121388 1
3154006 3154006
3250552 1
3250553 3250553
3305202 94120
3343076 1
3343077 3343077
3348358 1
3348359 3348359
3374210 1
3399322 216514
3415794 1
3449798 1
3449799 3449799
3469990 1
3469991 3469991
3505366 1
3582464 1
3582465 3582465
3596898 1
3597742 1
3597743 3597743
3613466 1
3615836 46456
3662292 427820
3665180 1
3679300 1
3679301 3679301
3735312 1
3735313 3735313
3799800 1
3821784 1
3821785 3821785
3853004 1
3853005 3853005
3873024 3873024
3911042 1
3911043 3911043
4019984 1
4036766 4036766
4038084 1
4038085 4038085
4090112 234088
4113552 1
4113553 4113553
4134276 4134276
4165506 1
4165507 4165507
4193052 1
4193053 4193053
4267744 4267744
4324200 152628
4363482 1
4431672 1
4431673 4431673
4459508 1
4459509 4459509
4476828 291732
4556242 1
4556243 4556243
4562102 4562102
4694580 1
4694581 4694581
4768560 388224
4863430 1
4943008 4943008
5156784 153552
5172400 5172400
5310336 148894
5385526 5385526
5406442 5406442
5424714 1
5424715 5424715
5452804 1
5452805 5452805
5459230 222470
5514996 1
5514997 5514997
5526682 5526682
5545952 1
5629940 1
5681700 100539
5782239 13200
5795439 351633
5841244 1
5841245 5841245
5912694 1
5983534 1
5983535 5983535
5989380 1
5989381 5989381
6076784 1
6087550 1
6147072 381528
6226294 1
6226295 6226295
6308012 1
6528600 192530
6686154 1
6721130 32640
6753770 756392
6899598 1
6899599 6899599
6939982 1
7164930 1
7164931 7164931
7470626 1
7510162 110418
7620580 247498
7643570 1
7746048 1
7746049 7746049
7822086 7822086
7868078 471752
8331014 1
8339830 259550
8535488 1
8599380 1175506
9124204 9124204
9389162 1
9389163 9389163
9774886 68502
9843388 831278
10344800 10344800
10674666 478909
10771052 1
10905610 1
11053364 11053364
11153575 263897
11417472 1095264
11967070 1
11978762 1
12452590 12452590
12512736 252873
12765609 816046
13581655 215435
13797090 197558
13799198 1
13799199 13799199
13994648 31400
14026048 1003811
15029859 51402
15081261 1203099
15644172 1
16284360 110915
16395275 640835
17036110 259490
17295600 153606
17449206 1157743
18606949 97397
18704346 269350
18973696 772178
19745874 65190
19811064 53283
19864347 418414
20282761 218005
20500766 2217202
20689600 1
22717968 735055
23453023 162317
23615340 720840
24336180 1442902
25779082 365018
26144100 100299
26244399 593588
26837987 172381
27010368 1466312
28476680 338525
28815205 83679
28898884 78486
28977370 80242
29057612 1335580
30393192 362168
30755360 1214248
31969608 763245
32732853 358140
33090993 482801
33573794 588381
34162175 484756
34646931 1361370
36008301 545799
36554100 438352
36992452 410996
37403448 345252
37748700 23732
37772432 1438103
39210535 880190
40090725 709545
40800270 228466
41028736 394139
41422875 1131725
42554600 893800
43448400 318931
43767331 567285
44334616 715304
45049920 1040988
46090908 31044
46121952 738202
46860154 1381512
48241666 134576
48376242 1174374
49550616 376645
49927261 1482147
51409408 123372
51532780 371058
51903838 304916
52208754 693828
52902582 174333
53076915 2328273
55405188 1427512
56832700 166712
56999412 179426
57178838 540018
57718856 662264
58381120 670712
59051832 272192
59324024 1116960
60440984 702840
61143824 1537556
62681380 583647
63265027 65535
63330562 1518190
64848752 604018
65452770 632236
66085006 42418
66127424 267154
66394578 390270
66784848 156432
66941280 332220
67273500 858580
68132080 392408
68524488 755732
69280220 439567
69719787 902501
70622288 327227
70949515 1077422
72026937 568935
72595872 846266
73442138 1690213
75132351 423607
75555958 1721129
77277087 2230705
79507792 29344
79537136 422058
79959194 1570178
81529372 158552
81687924 476345
82164269 793021
82957290 3613467
86570757 1141545
87712302 17703
87730005 1127931
88857936 519042
89376978 2562870
91939848 1572712
93512560 1960340
95472900 2209149
97682049 357438
98039487 1860979
99900466 2344344
102244810 346640
102591450 423822
103015272 259354
103274626 2398704
105673330 516014
106189344 577032
106766376 120839
106887215 224713
107111928 776721
107888649 261351
108150000 1246484
109396484 3799801
113196285 572611
113768896 121412
113890308 599987
114490295 1051251
115541546 2805423
118346969 924976
119271945 443996
119715941 110324
119826265 2641605
122467870 2136826
124604696 608182
125212878 207202
125420080 386963
125807043 255927
126062970 1225542
127288512 291200
127579712 51796
127631508 2232542
129864050 168190
130032240 1163550
131195790 208890
131404680 982570
132387250 247382
132634632 525318
133159950 1519784
134679734 1127852
135807586 1913102
137720688 1753055
139473743 117841
139591584 3665181
143256765 665831
143922596 260264
144182860 33716
144216576 514384
144730960 2116242
146847202 412019
147259221 1983849
149243070 3469296
152712366 737982
153450348 1235700
154686048 3499700
158185748 2236759
160422507 2602053
163024560 36510
163061070 737823
163798893 628815
164427708 1263794
165691502 226963
165918465 187518
166105983 258631
166364614 1448906
167813520 131088
167944608 1111983
169056591 515196
169571787 269893
169841680 2845406
172687086 1931439
174618525 1074891
175693416 716612
176410028 1473867
177883895 542483
178426378 478490
178904868 3362098
182266966 2522493
184789459 2130863
186920322 1485939
188406261 252643
188658904 2389210
191048114 2445704
193493818 576039
194069857 218502
194288359 3015293
197303652 3321136
200624788 3538578
204163366 187965
204351331 3649792
208001123 651807
208652930 435180
209088110 24274
209112384 717951
209830335 6076785
215907120 959246
216866366 199329
217065695 81710
217147405 339960
217487365 1912529
219399894 1136040
220535934 93572
220629506 1947210
222576716 2229859
224806575 644089
225450664 1931765
227382429 2275952
229658381 362502
230020883 336567
230357450 4443892
234801342 879454
235680796 359267
236040063 2631735
238671798 421722
239093520 701376
239794896 2942800
242737696 1324808
244062504 1074768
245137272 1157443
246294715 1898681
248193396 2463738
250657134 2682180
253339314 4336506
257675820 1487224
259163044 5351206
264514250 6686155
271200405 69253
271269658 728577
271998235 2152745
274150980 4375590
278526570 1826850
280353420 3643956
283997376 3351562
287348938 198959
287547897 496167
288044064 1419264
289463328 611048
290074376 1817176
291891552 482319
292373871 2759961
295133832 1000512
296134344 1632978
297767322 595260
298362582 540120
298902702 8863346
307766048 2939004
310705052 147847
310852899 1532997
312385896 3075624
315461520 1027224
316488744 2309182
318797926 5525414
324323340 936320
325259660 2482074
327741734 722338
328464072 4798610
333262682 6501106
339763788 1249610
341013398 2033270
343046668 3374211
346420879 5213448
351634327 6939983
358574310 3671082
362245392 1939784
364185176 1925319
366110495 375359
366485854 1940771
368426625 634179
369060804 517896
369578700 953175
370531875 196125
370728000 1232815
371960815 256005
372216820 494876
372711696 1265823
373977519 4019985
377997504 415616
378413120 2730841
381143961 2780601
383924562 5850192
389774754 1719510
391494264 278404
391772668 1871872
393644540 1573680
395218220 3519884
398738104 2286723
401024827 1591817
402616644 1636506
404253150 2115750
406368900 2967309
409336209 5629941
414966150 1660266
416626416 509054
417135470 10849430
427984900 1976060
429960960 1110261
431071221 1884279
432955500 3239050
436194550 10812884
447007434 1302646
448310080 2230556
450540636 527469
451068105 3505367
454573472 8076170
462649642 2706918
465356560 814850
466171410 2230976
468402386 9112486
477514872 8073532
485588404 1198316
486786720 4582536
491369256 11978763
503348019 8227106
511575125 966364
512541489 1378124
513919613 1541671
515461284 332736
515794020 6087551
521881571 3415795
525297366 2928384
528225750 1054732
529280482 32390
529312872 766230
530079102 760458
530839560 1052240
531891800 2150884
534042684 2649066
536691750 415740
537107490 168431
537275921 3596899
540872820 7706010
548578830 475850
549054680 5130952
554185632 1293138
555478770 9886016
565364786 6076992
571441778 3196702
574638480 2868912
577507392 4363483
581870875 2774795
584645670 8386106
593031776 1709024
594740800 5711032
600451832 8268552
608720384 6034408
614754792 168146
614922938 6696718
621619656 5458862
627078518 3161932
630240450 8535489
638775939 2147289
640923228 1559554
642482782 4863431
647346213 2432283
649778496 3121389
652899885 5545953
658445838 8919018
667364856 1764549
669129405 5912695
675042100 1892900
676935000 11029994
687964994 7195486
695160480 1436100
696596580 4191936
700788516 7470627
708259143 804308
709063451 3023191
712086642 7358602
719445244 254437
719699681 24905180
744604861 10905611
755510472 18248408
773758880 15492098
789250978 14329862
803580840 11682490
815263330 27598398
842861728 7643571
850505299 20689601
871194900 18778326
889973226 3068029
893041255 6308013
899349268 4058968
903408236 15644173
919052409 8331015
927383424 10771053
938154477 11967071
950121548 22106728
