276
1 1
2 1
3 2
2 2
4 1
5 5
2 1
10 3
13 1
3 3
6 6
14 12
5 5
26 10
2 1
36 3
39 12
51 4
2 1
55 3
58 1
59 2
61 6
67 1
2 1
68 3
71 12
83 2
85 6
91 2
26 26
52 1
53 53
106 1
107 107
214 214
428 428
856 1
857 857
1714 1714
3428 1
3429 3429
6858 6858
13716 1
13717 13717
27434 27434
54868 1
54869 54869
93 109738
10 1
11 11
22 22
44 44
88 1
89 89
178 178
356 1
357 357
714 714
1428 1
1429 1429
2858 1
2859 2859
5718 1
5719 5719
11438 11438
22876 22876
45752 1
45753 45753
109831 91506
22 1
23 23
46 1
47 47
94 1
95 95
190 190
380 1
381 381
762 762
1524 1524
3048 1
3049 3049
6098 6098
12196 12196
24392 24392
48784 1
48785 48785
97570 1
97571 97571
201337 195142
10 10
20 20
40 40
80 1
81 81
162 1
163 163
326 1
327 327
654 654
1308 1
1309 1309
2618 2618
5236 5236
10472 10472
20944 1
20945 20945
41890 1
41891 41891
83782 1
83783 83783
167566 167566
396479 335132
4 4
8 8
16 1
17 17
34 34
68 1
69 69
138 138
276 1
277 277
554 554
1108 1
1109 1109
2218 1
2219 2219
4438 1
4439 4439
8878 8878
17756 17756
35512 1
35513 35513
71026 1
71027 71027
142054 142054
284108 284108
731611 568216
13 13
26 1
27 27
54 54
108 108
216 216
432 432
864 1
865 865
1730 1
1731 1731
3462 1
3463 3463
6926 6926
13852 1
13853 13853
27706 1
27707 27707
55414 55414
110828 110828
221656 221656
443312 1
443313 443313
886626 1
886627 886627
1773254 1773254
3546508 1
3546509 3546509
7093018 7093018
1299827 14186036
108 1
109 109
218 218
436 436
872 872
1744 1744
3488 1
3489 3489
6978 1
6979 6979
13958 13958
27916 1
27917 27917
55834 55834
111668 111668
223336 1
223337 223337
446674 1
446675 446675
893350 1
893351 893351
1786702 1
1786703 1786703
3573406 1
3573407 3573407
7146814 1
7146815 7146815
14293630 14293630
28587260 28587260
57174520 57174520
114349040 1
114349041 114349041
228698082 228698082
15485863 457396164
106 106
212 1
213 213
426 426
852 1
853 853
1706 1
1707 1707
3414 3414
6828 6828
13656 1
13657 13657
27314 1
27315 27315
54630 1
54631 54631
109262 109262
218524 218524
437048 437048
874096 1
874097 874097
1748194 1748194
3496388 3496388
6992776 1
6992777 6992777
13985554 1
13985555 13985555
27971110 1
27971111 27971111
55942222 1
55942223 55942223
111884446 111884446
223768892 1
223768893 223768893
472882027 447537786
8 1
9 9
18 18
36 1
37 37
74 1
75 75
150 1
151 151
302 1
303 303
606 1
607 607
1214 1214
2428 2428
4856 1
4857 4857
9714 9714
19428 19428
38856 1
38857 38857
77714 1
77715 77715
155430 155430
310860 310860
621720 621720
1243440 1243440
2486880 2486880
4973760 1
4973761 4973761
9947522 1
9947523 9947523
19895046 19895046
39790092 1
39790093 39790093
79580186 1
920419813 79580187
