2345
1 1
2 2
4 1
5 5
10 10
20 1
21 21
42 42
84 84
168 168
336 336
672 1
673 673
1346 1
1347 1347
2694 2694
5388 1
5389 5389
10778 10778
21556 1
21557 21557
43114 43114
50000 86228
10 1
11 11
22 1
23 23
46 46
92 92
184 184
368 368
736 736
1472 1472
2944 2944
5888 1
5889 5889
11778 11778
23556 1
23557 23557
136228 47114
4 4
8 8
16 16
32 1
33 33
66 66
132 1
133 133
266 1
267 267
534 534
1068 1068
2136 2136
4272 1
4273 4273
8546 8546
17092 17092
34184 1
34185 34185
68370 68370
183342 136740
2 1
3 3
6 1
7 7
14 1
15 15
30 30
60 1
61 61
122 122
244 1
245 245
490 1
491 491
982 1
983 983
1966 1
1967 1967
3934 1
3935 3935
7870 1
7871 7871
15742 15742
31484 1
31485 31485
62970 62970
125940 1
320082 125941
8 1
9 9
18 1
19 19
38 38
76 76
152 1
153 153
306 1
307 307
614 614
1228 1228
2456 2456
4912 1
4913 4913
9826 9826
19652 1
19653 19653
39306 1
39307 39307
78614 1
78615 78615
157230 1
446023 157231
14 14
28 28
56 1
57 57
114 1
115 115
230 230
460 460
920 920
1840 1
1841 1841
3682 1
3683 3683
7366 7366
14732 14732
29464 29464
58928 1
58929 58929
603254 117858
18 18
36 36
72 72
144 144
288 288
576 576
1152 1
1153 1153
2306 2306
4612 1
4613 4613
9226 1
9227 9227
18454 1
18455 18455
36910 1
36911 36911
721112 73822
794934 47114
56 56
112 1
113 113
226 226
452 1
453 453
906 1
907 907
1814 1
1815 1815
3630 3630
7260 7260
14520 14520
29040 29040
58080 58080
842048 116160
20 20
40 1
41 41
82 82
164 1
165 165
330 1
331 331
662 1
663 663
1326 1326
2652 2652
5304 5304
10608 10608
21216 1
21217 21217
42434 1
42435 42435
958208 84870
30 1
31 31
62 1
63 63
126 1
127 127
254 254
508 508
1016 1016
2032 1
2033 2033
4066 4066
8132 8132
16264 16264
32528 32528
65056 65056
1043078 130112
114 114
228 1
229 229
458 1
459 459
918 918
1836 1836
3672 3672
7344 7344
14688 1
14689 14689
29378 1
29379 29379
58758 1
58759 58759
1173190 117518
46 1
47 47
94 94
188 188
376 376
752 752
1504 1504
3008 3008
6016 6016
12032 1
12033 12033
24066 1
24067 24067
48134 48134
1290708 96268
38 1
39 39
78 1
79 79
158 1
159 159
318 318
636 1
637 637
1274 1
1275 1275
2550 1
2551 2551
5102 5102
10204 1
10205 10205
20410 1
20411 20411
40822 1
40823 40823
1386976 81646
6 6
12 12
24 24
48 48
96 1
97 97
194 1
195 195
390 1
391 391
782 782
1564 1
1565 1565
3130 3130
6260 1
6261 6261
12522 12522
25044 1
25045 25045
50090 50090
1468622 100180
16 1
17 17
34 34
68 68
136 1
137 137
274 1
275 275
550 1
551 551
1102 1
1103 1103
2206 1
2207 2207
4414 4414
8828 8828
17656 17656
35312 35312
70624 1
70625 70625
141250 1
1568802 141251
228 228
456 1
457 457
914 914
1828 1828
3656 1
3657 3657
7314 7314
14628 14628
29256 29256
1710053 58512
1768565 136740
60 60
120 1
121 121
242 1
243 243
486 1
487 487
974 1
975 975
1950 1950
3900 1
3901 3901
7802 1
7803 7803
15606 15606
31212 31212
1905305 62424
230 1
231 231
462 1
463 463
926 1
927 927
1854 1854
3708 1
3709 3709
7418 1
7419 7419
14838 1
14839 14839
29678 29678
59356 1
59357 59357
1967729 118714
2086443 73822
28 1
29 29
58 58
116 116
232 232
464 464
928 928
1856 1856
3712 3712
7424 1
7425 7425
14850 14850
29700 1
29701 29701
59402 59402
118804 1
2160265 118805
48 1
49 49
98 1
99 99
198 1
199 199
398 398
796 1
797 797
1594 1594
3188 1
3189 3189
6378 6378
12756 12756
25512 1
25513 25513
2279070 51026
2330096 58512
2388608 118714
12 1
13 13
26 26
52 1
53 53
106 106
212 212
424 1
425 425
850 1
851 851
1702 1
1703 1703
3406 1
3407 3407
6814 6814
13628 13628
27256 27256
54512 54512
2507322 109024
40 40
80 80
160 160
320 1
321 321
642 1
643 643
1286 1286
2572 2572
5144 5144
10288 1
10289 10289
20578 1
20579 20579
41158 41158
2616346 82316
22 22
44 1
45 45
90 1
91 91
182 1
183 183
366 366
732 732
1464 1464
2928 2928
5856 1
5857 5857
11714 11714
23428 23428
46856 1
46857 46857
2698662 93714
66 1
67 67
134 1
135 135
270 1
271 271
542 1
543 543
1086 1086
2172 1
2173 2173
4346 1
4347 4347
8694 1
8695 8695
17390 17390
34780 34780
2792376 69560
2861936 116160
2978096 96268
136 136
272 1
273 273
546 546
1092 1092
2184 2184
4368 1
4369 4369
8738 8738
17476 1
17477 17477
34954 1
34955 34955
3074364 69910
3144274 62424
3206698 82316
3289014 58512
3347526 116160
3463686 73822
36 1
37 37
74 1
75 75
150 1
151 151
302 1
303 303
606 1
607 607
1214 1214
2428 1
2429 2429
4858 4858
9716 9716
19432 1
19433 19433
38866 1
38867 38867
3537508 77734
132 132
264 264
528 528
1056 1
1057 1057
2114 1
2115 2115
4230 4230
8460 1
8461 8461
16922 16922
33844 1
33845 33845
67690 1
67691 67691
3615242 135382
32 32
64 64
128 1
129 129
258 1
259 259
518 518
1036 1
1037 1037
2074 1
2075 2075
4150 4150
8300 1
8301 8301
16602 1
16603 16603
33206 1
33207 33207
66414 66414
3750624 132828
34 1
35 35
70 1
71 71
142 142
284 284
568 1
569 569
1138 1
1139 1139
2278 2278
4556 1
4557 4557
9114 9114
18228 1
18229 18229
36458 36458
72916 72916
145832 1
3883452 145833
4029285 73822
90 90
180 180
360 360
720 1
721 721
1442 1
1443 1443
2886 2886
5772 5772
11544 11544
23088 1
23089 23089
46178 46178
4103107 92356
4195463 69910
26 1
27 27
54 54
108 108
216 216
432 432
864 864
1728 1728
3456 1
3457 3457
6914 6914
13828 13828
27656 1
27657 27657
55314 1
55315 55315
110630 1
4265373 110631
4376004 62424
4438428 77734
4516162 62424
1036 1036
2072 1
2073 2073
4146 4146
8292 8292
16584 16584
33168 33168
4578586 66336
42 1
43 43
86 1
87 87
174 174
348 348
696 696
1392 1392
2784 1
2785 2785
5570 5570
11140 1
11141 11141
22282 1
22283 22283
44566 44566
4644922 89132
116 1
117 117
234 234
468 1
469 469
938 938
1876 1876
3752 3752
7504 7504
15008 1
15009 15009
30018 30018
60036 60036
4734054 120072
4854126 135382
4989508 58512
82 1
83 83
166 166
332 332
664 1
665 665
1330 1
1331 1331
2662 1
2663 2663
5326 5326
10652 10652
21304 1
21305 21305
42610 42610
5048020 85220
5133240 96268
24 1
25 25
50 50
100 100
200 1
201 201
402 1
403 403
806 1
807 807
1614 1
1615 1615
3230 1
3231 3231
6462 6462
12924 1
12925 12925
25850 1
25851 25851
51702 51702
5229508 103404
100 1
101 101
202 202
404 404
808 808
1616 1
1617 1617
3234 3234
6468 6468
12936 12936
25872 1
25873 25873
51746 1
51747 51747
103494 1
5332912 103495
5436407 93714
120 120
240 240
480 1
481 481
962 1
963 963
1926 1
1927 1927
3854 1
3855 3855
7710 1
7711 7711
15422 1
15423 15423
30846 30846
61692 1
61693 61693
123386 1
5530121 123387
5653508 84870
68 1
69 69
138 1
139 139
278 1
279 279
558 558
1116 1116
2232 2232
4464 4464
8928 1
8929 8929
17858 17858
5738378 35716
94 1
95 95
190 190
380 1
381 381
762 762
1524 1
1525 1525
3050 3050
6100 1
6101 6101
12202 1
12203 12203
24406 24406
48812 1
48813 48813
5774094 97626
5871720 73822
194 194
388 388
776 1
777 777
1554 1
1555 1555
3110 1
3111 3111
6222 1
6223 6223
12446 1
12447 12447
24894 1
24895 24895
49790 1
49791 49791
99582 1
5945542 99583
6045125 132828
52 52
104 1
105 105
210 210
420 420
840 1
841 841
1682 1682
3364 3364
6728 1
6729 6729
13458 13458
26916 26916
53832 1
53833 53833
6177953 107666
6285619 73822
6359441 73822
6433263 77734
6510997 81646
108 1
109 109
218 218
436 1
437 437
874 874
1748 1
1749 1749
3498 1
3499 3499
6998 1
6999 6999
13998 13998
27996 1
27997 27997
55994 55994
111988 1
6592643 111989
6704632 47114
6751746 92356
50 1
51 51
102 102
204 204
408 1
409 409
818 818
1636 1636
3272 1
3273 3273
6546 1
6547 6547
13094 1
13095 13095
26190 26190
52380 1
52381 52381
6844102 104762
6948864 62424
64 1
65 65
130 130
260 260
520 1
521 521
1042 1042
2084 2084
4168 1
4169 4169
8338 1
8339 8339
16678 16678
33356 33356
66712 1
66713 66713
133426 1
7011288 133427
7144715 69560
96 96
192 192
384 384
768 1
769 769
1538 1538
3076 3076
6152 1
6153 6153
12306 12306
24612 1
24613 24613
49226 49226
98452 98452
196904 196904
393808 1
7214275 393809
7608084 77734
7685818 47114
7732932 62424
102 1
103 103
206 1
207 207
414 414
828 1
829 829
1658 1658
3316 3316
6632 6632
13264 1
13265 13265
26530 26530
53060 53060
7795356 106120
7901476 84870
7986346 82316
8068662 73822
8142484 47114
8189598 47114
8236712 96268
8332980 106120
8439100 89132
198 198
396 396
792 1
793 793
1586 1586
3172 1
3173 3173
6346 6346
12692 12692
25384 25384
50768 1
50769 50769
8528232 101538
128 128
256 256
512 1
513 513
1026 1
1027 1027
2054 2054
4108 4108
8216 8216
16432 1
16433 16433
32866 1
32867 32867
65734 1
65735 65735
8629770 131470
8761240 62424
8823664 47114
270 270
540 1
541 541
1082 1
1083 1083
2166 1
2167 2167
4334 4334
8668 8668
17336 1
17337 17337
34674 34674
69348 69348
138696 1
8870778 138697
72 1
73 73
146 146
292 292
584 1
585 585
1170 1
1171 1171
2342 1
2343 2343
4686 1
4687 4687
9374 1
9375 9375
18750 18750
37500 1
37501 37501
75002 75002
9009475 150004
58 1
59 59
118 1
119 119
238 238
476 476
952 1
953 953
1906 1906
3812 1
3813 3813
7626 7626
15252 1
15253 15253
30506 1
30507 30507
61014 61014
122028 1
9159479 122029
9281508 73822
9355330 69560
104 104
208 1
209 209
418 1
419 419
838 1
839 839
1678 1678
3356 3356
6712 6712
13424 1
13425 13425
26850 1
26851 26851
53702 1
53703 53703
107406 1
9424890 107407
9532297 62424
9594721 73822
9668543 131470
9800013 118714
9918727 62424
9981151 51026
10032177 100180
216 1
217 217
434 1
435 435
870 1
871 871
1742 1
1743 1743
3486 3486
6972 1
6973 6973
13946 1
13947 13947
27894 27894
55788 1
55789 55789
10132357 111578
10243935 58512
404 1
405 405
810 810
1620 1
1621 1621
3242 3242
6484 6484
12968 1
12969 12969
25938 25938
51876 1
51877 51877
10302447 103754
10406201 97626
10503827 103404
10607231 84870
10692101 111578
125940 1
10803679 125941
10929620 51026
10980646 96268
62 62
124 124
248 1
249 249
498 498
996 996
1992 1
1993 1993
3986 3986
7972 7972
15944 15944
31888 1
31889 31889
63778 1
63779 63779
11076914 127558
11204472 73822
11278294 62424
11340718 62424
11403142 135382
11538524 101538
11640062 73822
11713884 85220
138 138
276 276
552 552
1104 1104
2208 2208
4416 4416
8832 8832
17664 1
17665 17665
35330 35330
70660 1
70661 70661
11799104 141322
11940426 73822
12014248 66336
158 158
316 1
317 317
634 1
635 635
1270 1270
2540 2540
5080 1
5081 5081
10162 1
10163 10163
20326 1
20327 20327
40654 40654
12080584 81308
133426 1
12161892 133427
12295319 120072
12415391 58512
12473903 97626
12571529 47114
12618643 69910
274 274
548 1
549 549
1098 1098
2196 1
2197 2197
4394 1
4395 4395
8790 8790
17580 1
17581 17581
35162 1
35163 35163
70326 1
70327 70327
12688553 140654
180 1
181 181
362 362
724 724
1448 1
1449 1449
2898 1
2899 2899
5798 5798
11596 11596
23192 1
23193 23193
46386 46386
92772 1
92773 92773
12829207 185546
13014753 47114
13061867 130112
13191979 89132
13281111 47114
13328225 132828
13461053 117518
13578571 97626
13676197 106120
316 316
632 632
1264 1264
2528 1
2529 2529
5058 1
5059 5059
10118 1
10119 10119
20238 1
20239 20239
40478 1
40479 40479
13782317 80958
13863275 47114
13910389 62424
112 112
224 1
225 225
450 1
451 451
902 902
1804 1804
3608 1
3609 3609
7218 7218
14436 14436
28872 28872
57744 1
57745 57745
13972813 115490
14088303 77734
14166037 58512
540 540
1080 1080
2160 2160
4320 4320
8640 1
8641 8641
17282 17282
34564 34564
69128 1
69129 69129
138258 1
138259 138259
276518 1
276519 276519
553038 553038
1106076 1
1106077 1106077
2212154 1
2212155 2212155
4424310 4424310
8848620 8848620
17697240 1
14224549 17697241
418 418
836 836
1672 1
1673 1673
3346 1
3347 3347
6694 6694
13388 1
13389 13389
26778 26778
53556 1
53557 53557
107114 107114
214228 1
214229 214229
428458 428458
856916 1
856917 856917
1713834 1713834
3427668 1
3427669 3427669
6855338 1
6855339 6855339
13710678 1
31921790 13710679
332 1
333 333
666 1
667 667
1334 1334
2668 1
2669 2669
5338 1
5339 5339
10678 1
10679 10679
21358 1
21359 21359
42718 1
42719 42719
85438 85438
170876 170876
341752 1
341753 341753
683506 1
683507 683507
1367014 1367014
2734028 2734028
5468056 1
5468057 5468057
10936114 1
10936115 10936115
21872230 1
45632469 21872231
276 1
277 277
554 1
555 555
1110 1
1111 1111
2222 1
2223 2223
4446 1
4447 4447
8894 1
8895 8895
17790 17790
35580 35580
71160 1
71161 71161
142322 142322
284644 284644
569288 569288
1138576 1138576
2277152 2277152
4554304 1
4554305 4554305
9108610 9108610
67504700 18217220
928 1
929 929
1858 1
1859 1859
3718 3718
7436 7436
14872 1
14873 14873
29746 29746
59492 59492
118984 118984
237968 237968
475936 475936
951872 1
951873 951873
1903746 1
1903747 1903747
3807494 1
3807495 3807495
85721920 7614990
74 74
148 148
296 1
297 297
594 594
1188 1
1189 1189
2378 2378
4756 1
4757 4757
9514 1
9515 9515
19030 1
19031 19031
38062 38062
76124 76124
152248 1
152249 152249
304498 304498
608996 608996
1217992 1
1217993 1217993
2435986 2435986
4871972 4871972
9743944 9743944
93336910 19487888
44 44
88 88
176 1
177 177
354 1
355 355
710 1
711 711
1422 1
1423 1423
2846 1
2847 2847
5694 1
5695 5695
11390 11390
22780 1
22781 22781
45562 1
45563 45563
91126 91126
182252 182252
364504 364504
729008 1
729009 729009
1458018 1458018
2916036 1
112824798 2916037
86 86
172 172
344 344
688 1
689 689
1378 1378
2756 2756
5512 5512
11024 11024
22048 1
22049 22049
44098 44098
88196 88196
176392 176392
352784 352784
705568 1
705569 705569
1411138 1
1411139 1411139
2822278 1
2822279 2822279
115740835 5644558
238 1
239 239
478 1
479 479
958 958
1916 1916
3832 3832
7664 1
7665 7665
15330 15330
30660 30660
61320 61320
122640 122640
245280 245280
490560 490560
981120 981120
1962240 1
1962241 1962241
3924482 1
3924483 3924483
7848966 7848966
15697932 1
15697933 15697933
121385393 31395866
190 1
191 191
382 382
764 764
1528 1528
3056 3056
6112 1
6113 6113
12226 12226
24452 1
24453 24453
48906 1
48907 48907
97814 97814
195628 195628
391256 1
391257 391257
782514 1
782515 782515
1565030 1565030
3130060 1
3130061 3130061
6260122 1
6260123 6260123
12520246 1
12520247 12520247
25040494 1
152781259 25040495
296 296
592 592
1184 1184
2368 1
2369 2369
4738 4738
9476 9476
18952 1
18953 18953
37906 1
37907 37907
75814 75814
151628 151628
303256 1
303257 303257
606514 1
606515 606515
1213030 1
1213031 1213031
2426062 2426062
4852124 1
4852125 4852125
9704250 1
9704251 9704251
177821754 19408502
408 408
816 816
1632 1632
3264 1
3265 3265
6530 6530
13060 13060
26120 26120
52240 52240
104480 104480
208960 1
208961 208961
417922 1
417923 417923
835846 1
835847 835847
1671694 1671694
3343388 3343388
6686776 1
197230256 6686777
124 1
125 125
250 250
500 1
501 501
1002 1
1003 1003
2006 1
2007 2007
4014 1
4015 4015
8030 8030
16060 16060
32120 32120
64240 1
64241 64241
128482 1
128483 128483
256966 256966
513932 1
513933 513933
1027866 1
1027867 1027867
2055734 2055734
4111468 1
4111469 4111469
8222938 8222938
16445876 1
203917033 16445877
920 1
921 921
1842 1
1843 1843
3686 3686
7372 1
7373 7373
14746 1
14747 14747
29494 29494
58988 58988
117976 1
117977 117977
235954 1
235955 235955
471910 471910
943820 1
943821 943821
1887642 1887642
3775284 3775284
7550568 7550568
220362910 15101136
76 1
77 77
154 154
308 1
309 309
618 1
619 619
1238 1
1239 1239
2478 1
2479 2479
4958 1
4959 4959
9918 9918
19836 19836
39672 39672
79344 79344
158688 1
158689 158689
317378 1
317379 317379
634758 1
634759 634759
1269518 1269518
2539036 1
2539037 2539037
5078074 5078074
10156148 10156148
235464046 20312296
70 70
140 140
280 1
281 281
562 562
1124 1124
2248 2248
4496 4496
8992 8992
17984 1
17985 17985
35970 35970
71940 71940
143880 143880
287760 287760
575520 1
575521 575521
1151042 1151042
2302084 2302084
4604168 4604168
9208336 9208336
18416672 1
255776342 18416673
974 974
1948 1
1949 1949
3898 1
3899 3899
7798 1
7799 7799
15598 15598
31196 1
31197 31197
62394 62394
124788 124788
249576 249576
499152 499152
998304 1
998305 998305
1996610 1
1996611 1996611
3993222 1
3993223 3993223
7986446 7986446
15972892 1
274193015 15972893
548 548
1096 1
1097 1097
2194 1
2195 2195
4390 4390
8780 8780
17560 17560
35120 35120
70240 1
70241 70241
140482 1
140483 140483
280966 280966
561932 1
561933 561933
1123866 1
1123867 1123867
2247734 1
2247735 2247735
4495470 4495470
8990940 1
8990941 8990941
17981882 1
290165908 17981883
106 1
107 107
214 1
215 215
430 1
431 431
862 1
863 863
1726 1
1727 1727
3454 1
3455 3455
6910 1
6911 6911
13822 13822
27644 27644
55288 55288
110576 1
110577 110577
221154 221154
442308 442308
884616 884616
1769232 1
1769233 1769233
3538466 3538466
7076932 1
7076933 7076933
14153866 1
308147791 14153867
166 1
167 167
334 334
668 668
1336 1336
2672 2672
5344 1
5345 5345
10690 1
10691 10691
21382 1
21383 21383
42766 1
42767 42767
85534 1
85535 85535
171070 1
171071 171071
342142 1
342143 342143
684286 684286
1368572 1
1368573 1368573
2737146 1
2737147 2737147
5474294 5474294
10948588 1
10948589 10948589
21897178 1
322301658 21897179
382 1
383 383
766 766
1532 1532
3064 1
3065 3065
6130 6130
12260 12260
24520 24520
49040 49040
98080 98080
196160 196160
392320 1
392321 392321
784642 784642
1569284 1569284
3138568 3138568
6277136 1
6277137 6277137
12554274 1
344198837 12554275
150 150
300 1
301 301
602 602
1204 1204
2408 1
2409 2409
4818 1
4819 4819
9638 9638
19276 19276
38552 1
38553 38553
77106 77106
154212 1
154213 154213
308426 1
308427 308427
616854 616854
1233708 1
1233709 1233709
2467418 1
2467419 2467419
4934838 4934838
9869676 1
9869677 9869677
19739354 1
356753112 19739355
264 1
265 265
530 1
531 531
1062 1062
2124 1
2125 2125
4250 1
4251 4251
8502 8502
17004 1
17005 17005
34010 34010
68020 68020
136040 136040
272080 1
272081 272081
544162 544162
1088324 1088324
2176648 2176648
4353296 1
4353297 4353297
8706594 1
8706595 8706595
17413190 1
376492467 17413191
388 1
389 389
778 1
779 779
1558 1
1559 1559
3118 3118
6236 6236
12472 12472
24944 24944
49888 1
49889 49889
99778 99778
199556 1
199557 199557
399114 1
399115 399115
798230 1
798231 798231
1596462 1
1596463 1596463
3192926 1
3192927 3192927
393905658 6385854
134 134
268 1
269 269
538 1
539 539
1078 1078
2156 1
2157 2157
4314 4314
8628 8628
17256 17256
34512 34512
69024 1
69025 69025
138050 138050
276100 276100
552200 552200
1104400 1104400
2208800 2208800
4417600 1
4417601 4417601
8835202 1
400291512 8835203
174 1
175 175
350 350
700 1
701 701
1402 1402
2804 2804
5608 1
5609 5609
11218 11218
22436 1
22437 22437
44874 1
44875 44875
89750 1
89751 89751
179502 1
179503 179503
359006 1
359007 359007
718014 1
718015 718015
1436030 1
1436031 1436031
2872062 2872062
5744124 5744124
409126715 11488248
210 1
211 211
422 1
423 423
846 846
1692 1
1693 1693
3386 1
3387 3387
6774 6774
13548 1
13549 13549
27098 1
27099 27099
54198 1
54199 54199
108398 1
108399 108399
216798 216798
433596 433596
867192 867192
1734384 1
1734385 1734385
3468770 3468770
420614963 6937540
218 1
219 219
438 438
876 876
1752 1752
3504 1
3505 3505
7010 7010
14020 1
14021 14021
28042 1
28043 28043
56086 1
56087 56087
112174 112174
224348 224348
448696 1
448697 448697
897394 1
897395 897395
1794790 1794790
3589580 3589580
7179160 1
7179161 7179161
14358322 1
14358323 14358323
28716646 1
427552503 28716647
84 1
85 85
170 1
171 171
342 1
343 343
686 1
687 687
1374 1
1375 1375
2750 2750
5500 1
5501 5501
11002 1
11003 11003
22006 22006
44012 1
44013 44013
88026 1
88027 88027
176054 176054
352108 352108
704216 704216
1408432 1408432
2816864 1
2816865 2816865
5633730 5633730
11267460 1
456269150 11267461
732 1
733 733
1466 1466
2932 2932
5864 1
5865 5865
11730 11730
23460 1
23461 23461
46922 46922
93844 93844
187688 187688
375376 1
375377 375377
750754 1
750755 750755
1501510 1
1501511 1501511
3003022 3003022
6006044 1
6006045 6006045
12012090 1
12012091 12012091
467536611 24024182
568 568
1136 1136
2272 2272
4544 1
4545 4545
9090 1
9091 9091
18182 1
18183 18183
36366 1
36367 36367
72734 1
72735 72735
145470 145470
290940 290940
581880 1
581881 581881
1163762 1
1163763 1163763
2327526 1
2327527 2327527
4655054 1
4655055 4655055
9310110 1
491560793 9310111
550 550
1100 1
1101 1101
2202 2202
4404 1
4405 4405
8810 1
8811 8811
17622 17622
35244 35244
70488 1
70489 70489
140978 140978
281956 1
281957 281957
563914 563914
1127828 1127828
2255656 1
2255657 2255657
4511314 4511314
9022628 1
9022629 9022629
500870904 18045258
642 642
1284 1284
2568 1
2569 2569
5138 5138
10276 1
10277 10277
20554 1
20555 20555
41110 1
41111 41111
82222 1
82223 82223
164446 164446
328892 328892
657784 1
657785 657785
1315570 1315570
2631140 2631140
5262280 5262280
10524560 1
10524561 10524561
518916162 21049122
242 242
484 1
485 485
970 970
1940 1940
3880 1
3881 3881
7762 7762
15524 1
15525 15525
31050 31050
62100 62100
124200 124200
248400 1
248401 248401
496802 1
496803 496803
993606 993606
1987212 1
1987213 1987213
3974426 1
3974427 3974427
7948854 1
7948855 7948855
15897710 1
539965284 15897711
98 98
196 1
197 197
394 1
395 395
790 790
1580 1580
3160 1
3161 3161
6322 6322
12644 1
12645 12645
25290 1
25291 25291
50582 50582
101164 101164
202328 1
202329 202329
404658 1
404659 404659
809318 1
809319 809319
1618638 1618638
3237276 1
3237277 3237277
6474554 1
6474555 6474555
12949110 12949110
25898220 1
555862995 25898221
606 606
1212 1
1213 1213
2426 2426
4852 1
4853 4853
9706 1
9707 9707
19414 19414
38828 1
38829 38829
77658 1
77659 77659
155318 155318
310636 310636
621272 1
621273 621273
1242546 1
1242547 1242547
2485094 2485094
4970188 1
4970189 4970189
9940378 9940378
19880756 1
581761216 19880757
240 1
241 241
482 482
964 964
1928 1928
3856 1
3857 3857
7714 7714
15428 15428
30856 30856
61712 61712
123424 123424
246848 246848
493696 1
493697 493697
987394 1
987395 987395
1974790 1974790
3949580 1
3949581 3949581
7899162 1
7899163 7899163
601641973 15798326
224 224
448 448
896 1
897 897
1794 1
1795 1795
3590 3590
7180 7180
14360 14360
28720 28720
57440 57440
114880 114880
229760 1
229761 229761
459522 1
459523 459523
919046 919046
1838092 1838092
3676184 1
3676185 3676185
7352370 1
7352371 7352371
14704742 14704742
617440299 29409484
462 462
924 924
1848 1848
3696 3696
7392 1
7393 7393
14786 1
14787 14787
29574 29574
59148 59148
118296 118296
236592 236592
473184 473184
946368 1
946369 946369
1892738 1892738
3785476 1
3785477 3785477
7570954 1
7570955 7570955
15141910 15141910
30283820 1
646849783 30283821
448 1
449 449
898 898
1796 1
1797 1797
3594 1
3595 3595
7190 7190
14380 1
14381 14381
28762 28762
57524 1
57525 57525
115050 115050
230100 1
230101 230101
460202 460202
920404 920404
1840808 1
1840809 1840809
3681618 3681618
677133604 7363236
214 214
428 428
856 1
857 857
1714 1
1715 1715
3430 3430
6860 6860
13720 13720
27440 1
27441 27441
54882 1
54883 54883
109766 1
109767 109767
219534 1
219535 219535
439070 439070
878140 1
878141 878141
1756282 1756282
3512564 1
3512565 3512565
7025130 7025130
14050260 1
14050261 14050261
684496840 28100522
78 78
156 1
157 157
314 314
628 628
1256 1256
2512 1
2513 2513
5026 1
5027 5027
10054 10054
20108 20108
40216 40216
80432 80432
160864 1
160865 160865
321730 1
321731 321731
643462 643462
1286924 1
1286925 1286925
2573850 1
2573851 2573851
5147702 1
5147703 5147703
10295406 1
712597362 10295407
250 1
251 251
502 502
1004 1004
2008 1
2009 2009
4018 4018
8036 1
8037 8037
16074 16074
32148 1
32149 32149
64298 1
64299 64299
128598 1
128599 128599
257198 1
257199 257199
514398 514398
1028796 1028796
2057592 1
2057593 2057593
4115186 4115186
8230372 1
8230373 8230373
722892769 16460746
160 1
161 161
322 322
644 1
645 645
1290 1
1291 1291
2582 1
2583 2583
5166 5166
10332 1
10333 10333
20666 1
20667 20667
41334 1
41335 41335
82670 82670
165340 1
165341 165341
330682 1
330683 330683
661366 1
661367 661367
1322734 1322734
2645468 1
2645469 2645469
5290938 1
739353515 5290939
5138 1
5139 5139
10278 1
10279 10279
20558 20558
41116 41116
82232 1
82233 82233
164466 164466
328932 328932
657864 657864
1315728 1315728
2631456 2631456
5262912 5262912
10525824 1
10525825 10525825
744644454 21051650
164 164
328 1
329 329
658 1
659 659
1318 1
1319 1319
2638 2638
5276 5276
10552 10552
21104 21104
42208 1
42209 42209
84418 1
84419 84419
168838 168838
337676 1
337677 337677
675354 1
675355 675355
1350710 1
1350711 1350711
2701422 2701422
5402844 5402844
765696104 10805688
25512 25512
51024 51024
102048 102048
204096 204096
408192 1
408193 408193
816386 816386
1632772 1632772
3265544 1
776501792 3265545
452 452
904 1
905 905
1810 1
1811 1811
3622 1
3623 3623
7246 1
7247 7247
14494 1
14495 14495
28990 1
28991 28991
57982 1
57983 57983
115966 1
115967 115967
231934 231934
463868 463868
927736 1
927737 927737
1855474 1
1855475 1855475
779767337 3710950
