55
1 1
2 2
3 4
4 4
7 8
8 8
15 16
16 16
31 32
32 32
63 64
64 64
127 128
128 128
255 256
256 256
511 512
512 512
1023 1024
1024 1024
2047 2048
2048 2048
4095 4096
4096 4096
8191 8192
8192 8192
16383 16384
16384 16384
32767 32768
32768 32768
65535 65536
65536 65536
131071 131072
131072 131072
262143 262144
262144 262144
524287 524288
524288 524288
1048575 1048576
1048576 1048576
2097151 2097152
2097152 2097152
4194303 4194304
4194304 4194304
8388607 8388608
8388608 8388608
16777215 16777216
16777216 16777216
33554431 33554432
33554432 33554432
67108863 67108864
67108864 67108864
134217727 134217728
134217728 134217728
268435455 268435456
