463
1 1
2 1
2 2
3 3
4 1
4 4
5 5
6 1
6 6
7 7
8 1
8 8
9 9
10 1
10 10
11 11
12 1
12 12
13 13
14 1
14 14
15 15
16 1
16 16
17 17
18 18
20 1
20 20
21 21
22 1
22 22
23 23
24 1
24 24
25 25
26 26
28 1
28 28
29 29
30 1
30 30
31 31
32 1
32 32
33 33
34 1
34 34
35 35
36 1
36 36
37 37
40 40
42 1
43 43
44 1
44 44
45 45
46 1
47 47
48 1
48 48
49 49
50 1
51 51
52 52
56 1
56 56
57 57
58 1
58 58
59 59
60 1
60 60
61 61
62 1
62 62
63 63
64 1
65 65
66 66
68 68
70 1
71 71
72 1
72 72
73 73
74 1
75 75
80 80
86 1
87 87
88 88
90 1
91 91
94 94
96 96
98 1
99 99
102 1
102 102
103 103
104 1
105 105
112 1
113 113
114 1
115 115
116 116
118 118
120 1
121 121
122 122
124 124
126 1
127 127
130 1
131 131
132 1
133 133
136 1
137 137
142 1
143 143
144 1
145 145
146 1
146 146
147 147
150 1
151 151
160 160
174 1
175 175
176 1
177 177
182 182
188 188
192 192
198 1
199 199
204 1
204 204
205 205
206 206
210 210
226 226
230 1
231 231
232 1
233 233
236 236
242 242
244 1
245 245
248 1
249 249
254 254
262 1
263 263
266 1
267 267
274 274
286 1
287 287
290 1
290 290
291 291
292 1
293 293
294 294
302 1
303 303
320 1
321 321
350 350
354 354
364 1
365 365
376 376
384 1
385 385
398 1
398 398
399 399
408 408
410 410
412 412
420 1
421 421
452 452
462 1
463 463
466 466
472 1
473 473
484 484
490 1
491 491
498 1
499 499
508 1
509 509
526 1
527 527
534 1
535 535
548 1
549 549
574 574
580 1
582 582
586 1
587 587
588 1
589 589
606 606
642 642
700 1
701 701
708 1
709 709
730 1
731 731
752 752
770 1
771 771
796 796
798 1
799 799
816 1
817 817
820 1
821 821
824 1
825 825
842 1
843 843
904 1
905 905
926 1
927 927
932 1
933 933
946 946
968 968
982 1
983 983
998 1
1018 1
1019 1019
1054 1
1055 1055
1070 1070
1098 1
1099 1099
1148 1148
1164 1
1165 1165
1174 1
1175 1175
1178 1
1179 1179
1212 1
1213 1213
1284 1284
1402 1
1403 1403
1418 1
1419 1419
1462 1462
1504 1
1505 1505
1542 1
1543 1543
1592 1
1593 1593
1598 1598
1634 1634
1642 1
1643 1643
1650 1
1651 1651
1686 1686
1810 1
1811 1811
1854 1854
1866 1
1867 1867
1892 1
1936 1936
1966 1966
2038 1
2039 2039
2110 2110
2140 1
2141 2141
2198 2198
2296 2296
2330 2330
2350 2350
2358 2358
2426 1
2427 2427
2568 2568
2806 2806
2838 1
2839 2839
2924 2924
3010 1
3011 3011
3086 1
3087 3087
3186 3186
3196 1
3197 3197
3268 3268
3286 3286
3302 1
3303 3303
3372 3372
3622 1
3623 3623
3708 1
3709 3709
3734 3734
3872 1
3873 3873
3932 1
3933 3933
4078 4078
4220 4220
4282 4282
4396 1
4592 1
4593 4593
4660 1
4661 4661
4700 1
4701 4701
4716 1
4717 4717
4854 1
5136 5136
5612 1
5678 1
5679 5679
5848 1
5849 5849
6022 1
6023 6023
6174 1
6175 6175
6372 6372
6394 1
6395 6395
6536 1
6537 6537
6572 1
6573 6573
6606 1
6607 6607
6744 1
6745 6745
7246 1
7247 7247
7418 7418
7468 1
7469 7469
7746 1
7747 7747
7866 1
7867 7867
8156 8156
8440 1
8441 8441
8564 1
8565 8565
9186 1
9322 9322
9402 9402
9434 1
9435 9435
10272 1
10273 10273
11358 11358
11698 1
11699 11699
12046 1
12350 12350
12744 12744
12790 12790
13074 13074
13146 1
13147 13147
13214 13214
13490 1
13491 13491
14494 1
14495 14495
14938 1
14939 14939
15494 15494
15734 1
16312 1
16882 1
18804 1
18805 18805
18870 18870
20546 20546
22716 1
22717 22717
23398 1
24700 1
24701 24701
25488 1
25580 1
26148 26148
26294 26294
26428 26428
26982 1
26983 16313
29878 29878
30988 30988
37610 37610
37740 1
41092 1
41093 41093
43296 999
44295 14836
49402 1
52588 1
59131 4855
59756 1
59757 59757
61976 1
63986 25581
75220 75220
82186 1
89567 17130
106697 12047
118744 18644
119514 1
137388 23399
160787 119515
280302 9187
289489 581
290070 1893
291963 52589
344552 25489
370041 52296
422337 15735
438072 2141
440213 16883
457096 150440
607536 37741
645277 61977
707254 82187
789441 28990
818431 49403
867834 45434
913268 4397
917665 5613
923278 52856
