4958
1 1
2 1
2 2
3 3
4 1
4 4
5 5
6 1
6 6
7 7
7 22
8 1
8 8
9 9
10 1
10 10
11 11
12 1
12 12
13 13
14 1
14 14
15 15
16 1
16 16
17 17
18 1
18 18
19 19
20 1
20 20
21 21
22 1
22 22
23 23
24 1
24 24
25 25
26 1
26 26
27 27
28 1
28 28
29 29
29 60
30 1
30 30
31 31
32 1
32 32
33 33
34 1
34 34
35 35
36 1
36 36
37 37
38 1
38 38
39 39
40 1
40 40
41 41
42 1
42 42
43 43
44 1
44 44
45 45
46 1
46 46
47 47
48 1
48 48
49 49
50 1
50 50
51 51
52 1
52 52
53 53
54 1
54 54
55 55
56 1
56 56
57 57
58 1
58 58
59 59
60 1
60 60
61 61
62 1
62 62
63 63
64 1
64 64
65 65
66 1
66 66
67 67
68 1
68 68
69 69
70 1
70 70
71 71
72 1
72 72
73 73
74 1
74 74
75 75
76 1
76 76
77 77
78 1
78 78
79 79
80 1
80 80
81 81
82 1
82 82
83 83
84 1
84 84
85 85
86 1
86 86
87 87
88 1
88 88
89 68
89 89
90 1
90 90
91 91
92 1
92 92
93 93
94 1
94 94
95 95
96 1
96 96
97 97
98 1
98 98
99 99
100 1
100 100
101 101
102 1
102 102
103 103
104 1
104 104
105 105
106 1
106 106
107 107
108 1
108 108
109 109
110 110
112 1
112 112
113 113
114 1
114 114
115 115
116 1
116 116
117 117
118 1
118 118
119 119
120 1
120 120
121 121
122 1
122 122
123 123
124 1
124 124
125 125
126 1
126 126
127 127
128 1
128 128
129 129
130 1
130 130
131 131
132 1
132 132
133 133
134 134
136 1
136 136
137 137
138 1
138 138
139 139
140 1
140 140
141 141
142 1
142 142
143 143
144 1
144 144
145 145
146 1
146 146
147 147
148 1
148 148
149 149
150 1
150 150
151 151
152 1
152 152
153 153
154 1
154 154
155 155
156 1
156 156
157 157
157 352
158 1
158 158
159 159
160 160
162 1
162 162
163 163
164 1
164 164
165 165
166 1
166 166
167 167
168 1
168 168
169 169
170 1
170 170
171 171
172 1
173 173
174 1
174 174
175 175
176 1
176 176
177 177
178 1
179 179
180 1
180 180
181 181
182 1
182 182
183 183
184 1
184 184
185 185
186 1
186 186
187 187
188 1
188 188
189 189
190 1
190 190
191 191
192 1
192 192
193 193
194 1
194 194
195 195
196 196
198 1
198 198
199 199
200 1
200 200
201 201
202 1
202 202
203 203
204 1
204 204
205 205
206 1
206 206
207 207
208 1
208 208
209 209
210 1
210 210
211 211
212 212
214 1
214 214
215 215
216 1
216 216
217 217
218 1
218 218
219 219
220 220
224 1
225 225
226 1
226 226
227 227
228 1
228 228
229 229
230 1
230 230
231 231
232 1
232 232
233 233
234 1
234 234
235 235
236 1
237 237
238 1
238 238
239 239
240 1
240 240
241 241
242 1
242 242
243 243
244 1
244 244
245 245
246 1
246 246
247 247
248 1
248 248
249 249
250 1
250 250
251 251
252 252
254 1
254 254
255 255
256 256
258 1
258 258
259 259
260 1
260 260
261 261
262 262
264 264
266 1
266 266
267 267
268 1
268 268
269 269
272 1
272 272
273 273
274 274
276 1
276 276
277 277
278 278
280 1
280 280
281 281
282 1
283 283
284 1
284 284
285 285
286 286
288 288
290 1
290 290
291 291
292 1
292 292
293 293
294 1
295 295
296 1
296 296
297 297
298 298
300 1
300 300
301 301
302 1
303 303
304 1
304 304
305 305
306 306
308 1
308 308
309 309
310 1
310 310
311 311
312 1
312 312
313 313
314 1
314 314
315 315
316 1
317 317
318 1
318 318
319 319
320 1
320 320
321 321
324 324
326 1
326 326
327 327
328 1
328 328
329 329
330 1
330 330
331 331
332 1
333 333
334 1
334 334
335 335
336 1
337 337
338 1
338 338
339 339
340 340
342 1
342 342
343 343
346 1
346 346
347 347
348 1
348 348
349 349
350 1
350 350
351 351
352 1
352 352
353 353
354 1
354 354
355 355
358 1
358 358
359 359
360 360
362 1
362 362
363 363
364 1
364 364
365 365
366 1
366 366
367 367
368 1
369 369
370 1
371 371
372 1
372 372
373 373
374 1
374 374
375 375
376 1
376 376
377 377
378 1
378 378
379 379
380 1
380 380
381 381
382 382
384 1
385 385
386 1
387 387
388 1
388 388
389 389
390 1
390 390
391 391
392 1
392 392
393 393
396 1
396 396
397 397
398 398
400 1
400 400
401 401
402 402
404 1
404 404
405 405
406 1
407 407
408 1
409 409
410 1
410 410
411 411
412 1
412 412
413 413
414 1
415 415
416 1
416 416
417 417
418 1
418 418
419 419
420 1
420 420
421 421
422 1
423 423
424 424
428 428
430 1
430 430
431 431
432 432
434 1
434 434
435 435
436 436
438 1
439 439
440 440
450 1
451 451
452 452
454 1
454 454
455 455
456 1
457 457
458 1
458 458
459 459
460 460
462 1
462 462
463 463
464 1
464 464
465 465
466 466
468 1
469 469
470 470
474 1
474 474
475 475
476 1
477 477
478 1
478 478
479 479
480 480
482 482
484 484
486 1
486 486
487 487
488 488
490 1
490 490
491 491
492 1
493 493
494 1
494 494
495 495
496 1
497 497
498 498
500 500
502 1
502 502
503 503
504 1
505 505
508 1
508 508
509 348
509 509
510 510
512 1
512 512
513 513
516 1
516 516
517 517
518 1
519 519
520 1
521 521
522 522
524 1
525 525
528 1
528 528
529 529
532 1
533 533
534 534
536 1
537 537
538 1
538 538
539 539
544 1
545 545
546 1
546 546
547 547
548 1
549 549
552 552
554 554
556 1
556 556
557 557
560 1
561 561
562 1
562 562
563 563
566 566
568 568
570 1
570 570
571 571
572 572
576 1
577 577
580 1
581 581
582 582
584 1
584 584
585 585
586 1
586 586
587 587
590 1
591 591
592 592
594 1
594 594
595 595
596 596
600 600
602 602
606 606
608 608
610 610
612 612
616 1
616 616
617 617
618 1
619 619
620 1
620 620
621 621
622 1
623 623
624 1
624 624
625 625
626 1
626 626
627 627
628 1
628 628
629 629
630 630
634 1
635 635
636 1
636 636
637 637
638 1
638 638
639 639
640 1
641 641
642 1
643 643
648 1
649 649
652 652
654 654
656 656
658 1
658 658
659 659
660 660
662 662
666 1
666 666
667 667
668 1
668 668
669 669
670 670
676 1
677 677
678 1
678 678
679 679
680 1
681 681
684 684
686 1
686 686
687 687
692 1
693 693
694 1
694 694
695 695
696 1
696 696
697 697
698 698
700 700
702 702
704 1
704 704
705 705
706 706
708 708
710 710
716 716
718 718
720 1
721 721
724 1
724 724
725 725
726 726
728 1
729 729
732 732
734 734
738 738
742 1
743 743
744 1
745 745
746 1
747 747
748 1
749 749
750 1
751 751
752 1
753 753
754 754
756 1
756 756
757 757
758 1
759 759
760 1
760 760
761 761
762 1
762 762
763 763
764 1
764 764
765 765
770 770
774 1
775 775
776 1
777 777
778 1
778 778
779 779
780 1
781 781
782 1
783 783
784 1
785 785
786 1
786 786
787 787
792 1
793 793
794 1
794 794
795 795
796 1
797 797
800 1
800 800
801 801
802 1
802 802
803 803
804 1
805 805
808 808
810 1
810 810
811 811
814 1
814 814
815 815
818 818
820 1
821 821
822 1
823 823
824 1
824 824
825 825
826 826
832 1
832 832
833 833
834 1
834 834
835 835
836 1
837 837
838 1
839 839
840 840
842 1
843 843
846 846
848 1
849 849
856 1
857 134
857 857
860 1
861 861
862 862
864 1
864 864
865 865
870 1
871 871
872 1
872 872
873 873
878 1
879 879
880 880
902 902
904 1
905 905
908 1
909 909
910 1
911 911
914 914
916 916
918 1
919 919
920 1
920 920
921 921
924 924
926 926
928 1
928 928
929 929
930 1
931 931
932 932
938 1
938 938
939 939
940 1
941 941
948 948
950 950
954 1
955 955
956 956
958 958
960 1
961 961
964 964
968 968
972 1
973 973
974 1
975 975
976 1
976 976
977 977
980 980
982 1
982 982
983 983
986 1
986 986
987 987
988 988
990 1
990 990
991 730
991 991
994 994
996 996
1000 1000
1004 1
1005 1005
1006 1
1006 1006
1007 1007
1010 1
1010 1010
1011 1011
1016 1016
1018 1
1018 1018
1019 1019
1020 1
1021 1021
1024 1
1025 1025
1026 1026
1032 1032
1034 1
1034 1034
1035 1035
1038 1038
1042 1042
1044 1
1044 1044
1045 1045
1050 1050
1056 1056
1058 1
1059 1059
1066 1
1066 1066
1067 1067
1068 1
1068 1068
1069 1069
1074 1074
1076 1
1077 1077
1078 1
1079 1079
1090 1
1091 1091
1092 1
1092 1092
1093 1093
1094 1094
1098 1
1099 1099
1104 1104
1108 1
1109 1109
1112 1112
1114 1114
1122 1
1123 1123
1124 1124
1126 1126
1136 1
1137 1137
1140 1
1141 1141
1142 1
1143 1143
1144 1
1144 1144
1145 1145
1154 1
1155 1155
1162 1
1163 1163
1164 1
1165 1165
1168 1
1169 1169
1170 1
1170 1170
1171 1171
1172 1
1172 1172
1173 1173
1174 1
1175 1175
1182 1182
1184 1184
1188 1
1189 1189
1190 1
1190 1190
1191 1191
1192 1192
1200 1200
1204 1204
1212 1212
1216 1216
1220 1220
1224 1
1225 1225
1232 1232
1234 1
1234 1234
1235 1235
1238 1
1238 1238
1239 1239
1240 1240
1242 1
1243 1243
1246 1
1247 1247
1248 1248
1250 1250
1252 1
1253 1253
1254 1
1254 1254
1255 1255
1256 1256
1258 1258
1260 1260
1270 1
1271 1271
1272 1
1273 1273
1274 1274
1276 1276
1278 1
1279 1279
1282 1
1282 1282
1283 1283
1286 1
1287 1287
1298 1
1299 1299
1304 1304
1308 1308
1312 1
1312 1312
1313 1313
1316 1
1317 1317
1318 1
1319 1319
1320 1
1321 1321
1324 1
1325 1325
1332 1
1333 1333
1334 1334
1336 1336
1338 1
1339 1339
1340 1
1340 1340
1341 1341
1354 1
1354 1354
1355 1355
1356 1356
1358 1
1359 1359
1362 1362
1368 1368
1372 1
1373 1373
1374 1
1374 1374
1375 1375
1386 1
1387 1387
1388 1
1389 1389
1390 1390
1392 1
1393 1393
1394 1
1395 1395
1396 1396
1400 1
1401 1401
1404 1
1404 1404
1405 1405
1408 1
1409 1409
1412 1412
1416 1
1417 1417
1420 1420
1432 1
1433 1433
1436 1
1437 1437
1442 1442
1448 1
1448 1448
1449 1449
1452 1
1453 1453
1458 1458
1464 1
1465 1465
1468 1468
1476 1
1477 1477
1486 1
1486 1486
1487 1487
1490 1490
1494 1
1495 1495
1498 1498
1502 1
1503 1503
1506 1506
1508 1508
1512 1512
1514 1
1515 1515
1518 1518
1520 1
1520 1520
1521 1521
1522 1
1522 1522
1523 1523
1524 1
1525 1525
1526 1526
1528 1528
1530 1
1530 1530
1531 1531
1540 1540
1550 1
1554 1
1555 1555
1556 1
1557 1557
1558 1558
1562 1562
1566 1566
1570 1
1571 1571
1572 1572
1574 1
1575 1575
1586 1
1586 1586
1587 1587
1588 1
1589 1589
1590 1
1590 1590
1591 1591
1594 1
1595 1595
1600 1
1600 1600
1601 1601
1602 1
1603 1603
1604 1
1605 1605
1606 1606
1610 1610
1616 1
1616 1616
1617 1617
1620 1
1620 1620
1621 1621
1622 1
1623 1623
1628 1628
1630 1
1630 1630
1631 1631
1636 1636
1642 1
1643 1643
1646 1646
1648 1
1648 1648
1649 1649
1650 1650
1652 1652
1664 1
1665 1665
1666 1
1667 1667
1668 1
1669 1669
1670 1670
1674 1
1675 1675
1678 1678
1680 1
1681 1681
1686 1
1687 1687
1692 1
1693 1693
1698 1698
1714 1
1715 1715
1721 290
1722 1
1723 1723
1724 1
1724 1724
1725 1725
1728 1728
1730 1
1730 1730
1731 1731
1742 1742
1744 1744
1746 1746
1758 1758
1760 1760
1804 1804
1810 1810
1822 1822
1828 1828
1832 1832
1838 1838
1840 1
1841 1841
1842 1
1843 1843
1848 1848
1852 1
1853 1853
1856 1
1856 1856
1857 1857
1858 1858
1862 1
1863 1863
1864 1
1865 1865
1876 1
1877 1877
1878 1878
1882 1
1883 1883
1896 1896
1900 1900
1910 1910
1912 1
1912 1912
1913 1913
1916 1
1917 1917
1922 1
1923 1923
1928 1
1928 1928
1929 1929
1936 1936
1946 1
1946 1946
1947 1947
1950 1950
1952 1
1952 1952
1953 1953
1954 1
1955 1955
1960 1960
1964 1
1965 1965
1966 1
1967 1967
1972 1
1973 1973
1974 1
1974 1974
1975 1975
1976 1
1977 1977
1980 1
1981 1981
1982 1
1983 1983
1988 1988
1992 1992
2010 1
2011 868
2011 2011
2012 1
2013 2013
2014 1
2014 2014
2015 2015
2020 2020
2022 1
2023 2023
2032 1
2032 2032
2033 2033
2036 2036
2038 1
2039 2039
2042 2042
2050 2050
2052 1
2053 2053
2064 1
2065 2065
2068 1
2069 2069
2070 1
2071 2071
2076 2076
2084 2084
2088 1
2089 2089
2090 2090
2100 1
2101 2101
2112 1
2113 2113
2118 2118
2132 2132
2134 2134
2136 1
2137 2137
2138 1
2139 2139
2148 2148
2154 1
2155 2155
2158 2158
2182 2182
2184 2184
2186 1
2186 2186
2187 2187
2188 2188
2198 1
2199 2199
2208 1
2209 2209
2218 1
2219 2219
2224 2224
2228 1
2229 2229
2246 1
2247 2247
2248 1
2249 2249
2252 2252
2274 1
2274 2274
2275 2275
2282 2282
2286 1
2287 2287
2288 1
2289 2289
2290 1
2291 2291
2310 1
2310 2310
2311 2311
2326 2326
2330 1
2331 2331
2338 1
2339 2339
2340 1
2341 2341
2342 1
2343 2343
2344 2344
2346 2346
2350 2350
2364 2364
2368 1
2369 2369
2378 2378
2380 2380
2382 2382
2384 1
2384 2384
2400 2400
2408 1
2409 2409
2424 1
2425 2425
2432 2432
2440 1
2441 2441
2450 1
2451 2451
2464 2464
2468 1
2469 2469
2470 1
2471 2471
2476 1
2477 2477
2478 1
2479 2479
2480 2480
2486 1
2487 2487
2494 2494
2500 2500
2506 2506
2508 1
2509 2509
2510 2510
2512 1
2513 2513
2516 2516
2520 1
2521 2521
2542 2542
2546 2546
2548 2548
2552 1
2552 2552
2553 2553
2558 1
2559 2559
2564 1
2565 2565
2566 2566
2574 2574
2598 1
2599 2599
2608 1
2609 2609
2616 1
2617 2617
2624 1
2625 2625
2626 2626
2634 1
2634 2634
2635 2635
2638 1
2639 2639
2642 1
2643 2643
2650 2650
2666 1
2667 2667
2668 1
2669 2669
2672 1
2673 2673
2678 2678
2680 1
2681 2681
2682 2682
2708 1
2709 2709
2710 1
2711 2711
2712 1
2713 2713
2718 1
2719 2719
2724 2724
2736 2736
2746 2746
2748 1
2749 2749
2750 1
2751 2751
2774 2774
2778 1
2779 2779
2780 2780
2786 2786
2790 2790
2792 2792
2802 1
2803 2803
2808 2808
2810 1
2811 2811
2818 2818
2824 1
2825 2825
2834 1
2835 2835
2840 2840
2866 2866
2874 1
2875 2875
2879 420
2884 1
2885 2885
2896 2896
2898 1
2899 2899
2906 1
2906 2906
2907 2907
2916 2916
2930 2930
2936 2936
2954 1
2955 2955
2972 1
2973 2973
2974 2974
2980 2980
2990 2990
2996 1
2997 2997
3006 3006
3012 3012
3016 1
3017 3017
3024 1
3025 3025
3030 1
3031 3031
3036 1
3037 3037
3040 3040
3042 3042
3044 1
3045 3045
3046 1
3047 3047
3050 1
3051 3051
3052 3052
3056 1
3057 3057
3060 1
3060 3060
3061 3061
3062 1
3063 3063
3080 1
3081 3081
3110 1
3111 3111
3114 1
3115 3115
3116 1
3117 3117
3124 1
3125 3125
3132 3132
3142 1
3142 3142
3143 3143
3144 1
3145 3145
3150 3150
3172 1
3173 3173
3174 1
3175 3175
3178 1
3179 3179
3180 1
3181 3181
3182 3182
3190 1
3191 3191
3200 1
3200 3200
3201 3201
3202 1
3203 3203
3206 3206
3210 1
3211 3211
3212 1
3212 3212
3213 3213
3220 3220
3232 3232
3234 1
3235 3235
3240 1
3241 3241
3242 1
3242 3242
3243 3243
3246 3246
3256 1
3257 3257
3260 1
3261 3261
3262 3262
3272 3272
3286 1
3286 3286
3287 3287
3292 1
3293 3293
3296 3296
3298 3298
3299 14
3300 1
3301 3301
3304 3304
3313 1410
3330 3330
3334 1
3335 3335
3338 1
3339 3339
3340 3340
3350 1
3350 3350
3351 3351
3356 3356
3362 1
3363 3363
3374 3374
3386 1
3387 3387
3396 3396
3430 3430
3446 1
3447 3447
3448 3448
3450 1
3451 3451
3456 1
3457 3457
3460 1
3461 3461
3462 1
3463 3463
3484 3484
3488 3488
3492 1
3493 3493
3516 1
3517 3517
3520 1
3521 3521
3608 3608
3620 3620
3644 1
3644 3644
3645 3645
3656 1
3656 3656
3657 3657
3664 1
3665 3665
3676 3676
3682 3682
3686 1
3687 3687
3696 3696
3706 3706
3712 1
3713 3713
3714 3714
3716 1
3717 3717
3726 3726
3730 3730
3754 1
3755 3755
3756 1
3757 3757
3766 1
3767 3767
3792 1
3793 3793
3800 3800
3820 3820
3824 3824
3826 3826
3834 1
3835 3835
3846 1
3847 3847
3856 3856
3858 3858
3872 3872
3892 1
3893 3893
3894 1
3895 3895
3900 1
3901 3901
3904 1
3905 3905
3906 3906
3910 3910
3920 3920
3930 3930
3934 1
3935 3935
3946 1
3947 3947
3948 1
3949 3949
3950 3950
3954 1
3955 3955
3962 3962
3966 1
3967 3967
3976 1
3977 3977
3984 3984
4022 1
4022 4022
4023 4023
4026 4026
4028 1
4028 4028
4029 4029
4030 1
4030 4030
4031 4031
4040 1
4046 4046
4064 1
4065 4065
4066 4066
4072 1
4072 4072
4073 4073
4078 4078
4084 1
4085 4085
4100 4100
4106 1
4106 4106
4107 4107
4130 1
4131 4131
4138 1
4142 4142
4152 4152
4168 1
4169 4169
4178 4178
4180 4180
4202 4202
4226 1
4227 4227
4236 1
4237 4237
4264 1
4268 1
4269 4269
4274 1
4275 4275
4278 1
4279 4279
4296 4296
4310 4310
4316 1
4317 4317
4364 1
4365 4365
4368 4368
4372 4372
4374 4374
4376 4376
4398 4398
4418 4418
4438 4438
4448 4448
4458 4458
4494 4494
4498 4498
4504 1
4505 4505
4548 1
4549 4549
4550 1
4551 4551
4564 4564
4574 1
4575 4575
4578 4578
4582 4582
4620 4620
4622 1
4622 4622
4623 4623
4652 4652
4662 1
4663 4663
4678 4678
4682 4682
4686 1
4687 4687
4688 1
4689 4689
4692 1
4693 4693
4700 4700
4723 244
4728 1
4729 4729
4738 4738
4756 1
4757 4757
4760 1
4761 4761
4764 4764
4768 1
4769 4769
4800 4800
4818 1
4819 4819
4850 1
4864 4864
4882 4882
4902 4902
4928 1
4929 4929
4938 1
4939 4939
4942 1
4943 4943
4954 4954
4958 1
4959 4959
4960 4960
4967 776
4974 1
4975 4975
4988 1
4989 4989
5000 5000
5012 5012
5018 1
5019 5019
5020 5020
5026 5026
5032 5032
5042 5042
5084 1
5085 5085
5092 1
5093 5093
5096 1
5097 5097
5104 1
5104 5104
5105 5105
5106 5106
5118 1
5119 5119
5130 5130
5132 1
5133 5133
5148 5148
5198 1
5199 5199
5218 1
5219 5219
5234 5234
5250 1
5251 5251
5252 1
5253 5253
5268 5268
5270 5270
5278 1
5279 5279
5286 1
5287 5287
5300 1
5301 5301
5334 5334
5338 1
5339 5339
5346 1
5347 5347
5356 5356
5362 5362
5364 5364
5418 1
5419 5419
5422 5422
5426 1
5427 5427
5438 1
5439 5439
5448 1
5449 5449
5472 1
5473 5473
5492 1
5493 5493
5498 1
5499 5499
5502 5502
5548 1
5549 5549
5558 5558
5560 5560
5572 5572
5580 5580
5584 1
5585 5585
5606 5606
5616 1
5617 5617
5622 5622
5650 5650
5670 1
5671 5671
5680 1
5681 5681
5732 5732
5743 1450
5750 5750
5770 5770
5792 5792
5798 1
5799 5799
5812 5812
5814 1
5815 5815
5832 5832
5860 1
5861 5861
5872 1
5873 5873
5910 5910
5946 1
5947 5947
5948 1
5949 5949
5960 5960
5980 1
5980 5980
5981 5981
5994 5994
6012 1
6013 6013
6024 6024
6034 6034
6050 6050
6062 1
6063 6063
6074 1
6075 6075
6080 1
6081 6081
6084 1
6085 6085
6090 1
6091 6091
6094 1
6095 6095
6102 1
6103 6103
6104 6104
6114 1
6115 6115
6120 1
6121 6121
6122 1
6123 6123
6126 6126
6162 6162
6222 1
6223 6223
6230 6230
6234 1
6235 6235
6250 6250
6264 6264
6286 1
6287 6287
6290 1
6291 6291
6300 1
6301 6301
6346 1
6347 6347
6350 1
6351 6351
6358 1
6359 6359
6362 1
6363 6363
6364 1
6364 6364
6365 6365
6382 6382
6400 6400
6402 6402
6406 6406
6412 1
6413 6413
6422 1
6423 6423
6424 1
6425 6425
6440 6440
6464 1
6465 6465
6470 6470
6482 6482
6484 6484
6486 6486
6492 6492
6514 1
6515 6515
6522 6522
6524 6524
6572 1
6573 6573
6574 1
6575 6575
6586 1
6587 6587
6592 1
6593 6593
6596 6596
6602 6602
6608 1
6609 6609
6660 1
6660 6660
6661 6661
6670 1
6670 6670
6671 6671
6678 1
6679 6679
6680 1
6681 6681
6700 6700
6702 1
6703 6703
6712 6712
6726 1
6727 6727
6748 6748
6774 6774
6792 6792
6860 6860
6894 1
6895 6895
6896 1
6897 6897
6902 6902
6914 1
6914 6914
6915 6915
6922 6922
6968 6968
6976 1
6977 6977
6986 6986
7034 1
7035 7035
7042 1
7043 7043
7193 674
7216 1
7217 7217
7240 7240
7288 7288
7290 1
7291 7291
7312 1
7313 7313
7314 1
7315 7315
7330 7330
7352 1
7353 7353
7364 1
7365 7365
7374 1
7375 7375
7392 7392
7412 1
7413 7413
7426 1
7427 7427
7428 1
7429 7429
7434 7434
7452 7452
7460 1
7461 7461
7510 7510
7514 1
7515 7515
7534 1
7535 7535
7586 7586
7600 1
7601 7601
7640 1
7641 7641
7648 1
7649 7649
7652 1
7653 7653
7670 1
7671 7671
7694 1
7695 7695
7712 7712
7716 1
7717 7717
7744 7744
7786 7786
7790 7790
7802 1
7803 7803
7810 7810
7812 7812
7820 7820
7840 1
7841 7841
7860 7860
7867 1132
7870 1
7871 7871
7894 7894
7898 7898
7900 7900
7910 1
7911 7911
7924 1
7925 7925
7934 7934
7954 1
7955 7955
7968 1
7969 7969
8044 8044
8046 8046
8052 1
8056 8056
8058 1
8058 8058
8059 8059
8060 1
8061 8061
8062 8062
8092 8092
8130 1
8131 8131
8132 1
8133 8133
8144 1
8145 8145
8146 8146
8156 1
8157 8157
8170 8170
8200 1
8201 8201
8212 1
8213 8213
8214 8214
8262 1
8263 8263
8284 8284
8304 1
8305 8305
8338 8338
8356 8356
8360 1
8361 8361
8404 8404
8454 8454
8474 8474
8538 8538
8550 1
8551 8551
8558 1
8559 8559
8592 8592
8620 1
8621 8621
8634 8634
8730 8730
8736 8736
8744 8744
8748 1
8749 8749
8752 1
8753 8753
8796 8796
8836 8836
8876 1
8877 8877
8896 8896
8916 1
8917 8917
8988 8988
8996 1
8997 8997
8999 2
9001 1066
9010 1
9011 9011
9098 9098
9102 9102
9128 9128
9150 9150
9156 9156
9164 1
9165 9165
9240 1
9241 9241
9244 9244
9246 1
9247 9247
9304 1
9305 9305
9326 1
9327 9327
9356 9356
9364 1
9365 9365
9374 1
9374 9374
9375 9375
9378 1
9379 9379
9386 9386
9400 1
9401 9401
9458 1
9459 9459
9476 9476
9514 1
9515 9515
9522 1
9523 9523
9528 9528
9538 1
9539 9539
9600 1
9601 9601
9638 1
9639 9639
9728 9728
9764 1
9765 9765
9804 1
9805 9805
9858 9858
9878 1
9886 1
9887 9887
9908 9908
9918 9918
9920 1
9921 9921
9950 9950
9978 1
9979 9979
10000 10000
10024 1
10038 10038
10040 1
10041 10041
10052 1
10053 10053
10064 1
10065 10065
10067 464
10084 10084
10170 10170
10186 1
10194 1
10195 10195
10208 1
10209 10209
10210 10210
10212 10212
10238 1
10239 10239
10260 1
10261 10261
10266 1
10267 10267
10296 10296
10398 10398
10438 10438
10468 10468
10502 1
10503 10503
10506 10506
10531 1
10532 1
10533 1
10534 1
10535 2
10536 10536
10537 2
10539 2
10540 1
10541 2
10541 10541
10543 2
10545 2
10547 2
10549 2
10551 2
10553 2
10555 2
10557 2
10558 10558
10559 1818
10574 10574
10602 1
10603 10603
10668 10668
10678 1
10679 10679
10694 1
10695 10695
10712 10712
10724 1
10725 10725
10728 10728
10838 1
10839 10839
10844 1
10845 10845
10878 10878
10898 1
10899 10899
10946 10946
10986 10986
10998 10998
11004 11004
11098 1
11099 11099
11116 1
11117 11117
11120 11120
11160 1
11161 11161
11170 1
11171 11171
11212 11212
11234 11234
11244 11244
11300 11300
11342 11342
11362 1
11363 11363
11464 1
11465 11465
11500 1
11501 11501
11540 11540
11584 11584
11598 1
11599 11599
11624 1
11625 11625
11630 11630
11664 11664
11722 11722
11746 11746
11820 1
11821 11821
11894 11894
11898 1
11899 11899
11920 11920
11960 1
11961 11961
11962 1
11963 11963
11988 11988
12026 1
12027 12027
12048 12048
12068 12068
12100 12100
12126 1
12127 12127
12150 1
12151 12151
12162 1
12163 12163
12170 12170
12182 12182
12190 1
12191 12191
12206 1
12207 12207
12208 12208
12230 12230
12242 1
12243 12243
12246 12246
12252 12252
12324 1
12325 12325
12377 1074
12446 1
12447 12447
12460 12460
12470 12470
12500 12500
12528 1
12529 12529
12574 1
12575 12575
12582 1
12583 12583
12602 1
12603 12603
12694 12694
12702 1
12703 12703
12718 1
12719 12719
12726 12726
12728 12728
12730 1
12731 12731
12764 1
12800 1
12801 12801
12804 1
12805 12805
12812 12812
12826 1
12827 12827
12846 1
12846 12846
12847 12847
12850 1
12851 12851
12880 12880
12930 12930
12940 12940
12964 12964
12968 1
12969 12969
12972 12972
12984 12984
13030 1
13044 13044
13048 1
13049 13049
13146 1
13147 13147
13150 1
13151 13151
13174 13174
13186 1
13187 13187
13192 13192
13204 13204
13218 13218
13320 13320
13322 1
13323 13323
13340 13340
13342 1
13343 13343
13358 13358
13362 1
13363 13363
13400 1
13401 13401
13406 13406
13451 830
13454 1
13455 13455
13496 1
13497 13497
13548 1
13549 13549
13584 1
13584 13584
13585 13585
13720 1
13721 13721
13790 1
13794 1
13795 13795
13804 1
13805 13805
13828 1
13829 13829
13830 13830
13844 1
13845 13845
13936 1
13937 13937
13954 1
13955 13955
13972 1
13973 13973
14070 1
14071 14071
14086 14086
14281 718
14434 1
14435 14435
14480 14480
14576 14576
14582 1
14583 14583
14626 1
14627 14627
14630 14630
14660 14660
14706 1
14707 14707
14730 14730
14750 14750
14784 1
14785 14785
14826 14826
14854 14854
14858 1
14859 14859
14868 1
14869 14869
14904 1
14905 14905
14922 1
14923 14923
14999 1
15000 1
15001 66
15020 15020
15030 1
15031 15031
15067 12
15070 1
15070 15070
15071 15071
15079 84
15163 31
15172 15172
15194 32
15202 1
15203 15203
15226 7
15233 15
15248 9
15257 23
15280 95
15282 1
15283 15283
15298 1
15299 15299
15306 1
15342 1
15343 15343
15375 35
15390 1
15391 15391
15410 1
15411 4
15415 23
15424 1
15425 15425
15434 15434
15438 28
15466 38
15488 1
15489 15489
15504 19
15523 45
15568 89
15572 1
15573 15573
15580 1
15581 15581
15606 1
15607 15607
15620 1
15621 15621
15624 1
15625 15625
15640 1
15641 15641
15657 80
15682 1
15720 15720
15737 51
15742 15742
15788 1
15788 17
15789 15789
15796 1
15797 15797
15805 95
15822 1
15823 15823
15850 1
15851 15851
15868 1
15869 15869
15900 273
15910 15910
15938 1
15939 15939
16088 1
16089 16089
16092 1
16093 16093
16112 1
16112 16112
16113 16113
16116 1
16117 16117
16118 1
16118 16118
16119 16119
16122 1
16123 16123
16124 1
16125 16125
16173 23
16184 16184
16196 31
16227 58
16262 16262
16266 16266
16285 46
16290 16290
16292 16292
16314 1
16315 16315
16331 43
16340 1
16340 16340
16341 16341
16374 66
16402 1
16403 16403
16426 1
16427 16427
16428 16428
16440 9
16449 69
16518 34
16526 1
16527 16527
16552 209
16568 1
16569 16569
16610 16610
16676 1
16677 16677
16712 1
16712 16712
16713 16713
16722 1
16723 16723
16761 113
16808 1
16809 16809
16874 46
16908 1
16920 33
16948 1
16949 16949
16953 206
17076 1
17077 17077
17102 17102
17118 17118
17159 19
17178 19
17184 1
17185 17185
17197 37
17234 33
17242 17242
17267 44
17268 1
17269 17269
17311 10
17321 1
17322 36
17358 4
17362 37
17399 40
17439 25
17460 17460
17464 6
17470 11
17472 17472
17481 5
17486 28
17488 1
17489 17489
17498 17498
17506 17506
17514 9
17523 5
17528 21
17549 18
17567 14
17581 126
17592 17592
17672 17672
17707 99
17754 17754
17792 1
17793 17793
17806 40
17846 27
17873 185
17976 17976
17994 17994
18022 18022
18058 50
18108 146
18196 18196
18204 18204
18254 52
18256 18256
18300 18300
18306 19
18312 1
18313 18313
18325 32
18330 1
18331 18331
18357 13
18370 37
18407 12
18419 41
18460 59
18482 1
18483 18483
18488 1
18489 18489
18494 18494
18519 45
18564 25
18589 178
18610 18610
18654 18654
18712 1
18713 18713
18730 1
18731 18731
18748 18748
18750 18750
18758 1
18759 18759
18767 9
18772 18772
18776 1
18777 7
18784 114
18802 1
18803 18803
18898 244
18918 18918
18952 18952
19030 19030
19046 19046
19056 1
19057 19057
19078 19078
19142 1
19143 42
19185 61
19202 1
19203 19203
19246 32
19278 1
19278 34
19279 19279
19312 83
19395 7
19402 97
19456 19456
19499 54
19530 1
19531 19531
19553 32
19585 153
19610 1
19611 19611
19716 1
19717 19717
19738 98
19774 1
19775 19775
19816 1
19817 19817
19836 1
19836 22
19837 19837
19842 19842
19858 32
19890 22
19900 19900
19912 2
19914 55
19958 19958
19969 23
19992 8
20000 20000
20076 20076
20082 20082
20106 1
20107 20107
20130 20130
20168 1
20169 20169
20340 1
20341 20341
20390 20390
20418 1
20419 20419
20420 20420
20424 20424
20478 1
20479 20479
20522 20522
20534 1
20535 20535
20592 20592
20796 1
20796 20796
20797 20797
20876 20876
20936 20936
21006 1
21007 21007
21012 1
21072 21072
21082 21082
21148 21148
21206 1
21207 21207
21336 21336
21358 1
21359 21359
21390 1
21391 21391
21424 21424
21450 1
21451 21451
21456 21456
21678 21678
21690 1
21691 21691
21798 1
21799 21799
21892 21892
21972 21972
21996 21996
22008 1
22009 22009
22198 22198
22234 22234
22240 1
22241 22241
22322 22322
22342 1
22343 22343
22424 1
22425 22425
22468 1
22469 22469
22488 22488
22600 1
22601 22601
22684 1
22685 22685
22726 22726
22930 22930
23002 23002
23080 1
23081 23081
23168 23168
23198 23198
23250 1
23251 23251
23260 1
23328 23328
23444 1
23445 23445
23492 1
23493 23493
23642 1
23643 23643
23788 1
23789 23789
23798 1
23799 23799
23840 1
23841 23841
23922 23922
23926 23926
23976 1
23977 23977
24054 24054
24096 24096
24136 1
24137 24137
24200 1
24201 24201
24254 1
24255 24255
24302 24302
24326 24326
24340 24340
24382 1
24383 24383
24414 24414
24416 24416
24460 1
24461 24461
24486 24486
24492 24492
24504 1
24505 24505
24650 24650
24894 1
24895 24895
24920 24920
24940 24940
25000 25000
25058 1
25059 25059
25150 25150
25166 1
25167 25167
25206 25206
25388 1
25389 25389
25406 1
25407 25407
25438 1
25439 25439
25452 1
25453 25453
25456 1
25457 25457
25462 25462
25602 1
25603 25603
25610 1
25611 25611
25624 1
25625 25625
25654 25654
25692 1
25693 25693
25694 25694
25702 1
25703 25703
25760 25760
25860 1
25861 25861
25880 25880
25928 1
25929 25929
25938 25938
25944 1
25945 25945
25968 25968
26088 26088
26098 26098
26294 26294
26302 26302
26348 1
26349 26349
26374 26374
26384 26384
26408 1
26409 26409
26436 26436
26640 1
26641 26641
26646 1
26647 26647
26680 26680
26686 1
26687 26687
26716 26716
26726 1
26727 26727
26802 1
26803 26803
26812 26812
26910 1
26911 26911
26994 1
26995 26995
27098 1
27099 27099
27168 27168
27170 27170
27442 27442
27590 1
27591 27591
27610 1
27611 27611
27658 1
27659 27659
27660 27660
27690 1
27691 27691
27874 27874
27910 1
27911 27911
27946 27946
28142 1
28143 28143
28172 1
28173 28173
28870 28870
28960 28960
29166 29166
29254 1
29255 29255
29260 29260
29320 1
29321 29321
29414 1
29415 29415
29460 29460
29500 1
29501 29501
29570 1
29571 29571
29652 1
29653 29653
29708 1
29718 1
29719 29719
29738 1
29739 29739
29810 29810
29846 1
29847 29847
30040 1
30041 30041
30062 1
30063 30063
30140 30140
30142 1
30143 30143
30344 1
30345 30345
30406 1
30407 30407
30566 30566
30686 30686
30868 1
30978 1
30979 30979
31146 31146
31162 31162
31214 1
31215 31215
31242 31242
31250 31250
31282 31282
31440 31440
31484 31484
31578 31578
31594 1
31595 31595
31646 31646
31702 1
31703 31703
31738 1
31739 31739
31820 1
31820 31820
31821 31821
31878 1
31879 31879
32178 32178
32186 1
32187 32187
32224 32224
32234 1
32235 32235
32236 1
32237 32237
32238 1
32239 32239
32246 32246
32250 32250
32368 1
32369 32369
32524 32524
32532 32532
32580 1
32581 32581
32584 32584
32630 32630
32680 1
32681 32681
32682 32682
32806 1
32807 32807
32854 1
32855 32855
32856 32856
33054 1
33055 33055
33138 33138
33220 33220
33354 1
33355 33355
33424 33424
33426 33426
33446 1
33447 33447
33618 33618
33898 33898
34154 34154
34204 34204
34236 34236
34370 1
34371 34371
34484 34484
34538 1
34539 34539
34920 1
34921 34921
34944 34944
34978 1
34996 1
34997 34997
35012 35012
35184 35184
35344 1
35345 35345
35508 1
35509 35509
35586 35586
35952 1
35988 35988
36044 36044
36392 36392
36408 1
36409 36409
36512 36512
36600 1
36601 36601
36626 36626
36662 36662
36966 36966
36978 36978
36988 36988
37220 37220
37308 37308
37426 37426
37462 37462
37496 37496
37500 37500
37518 37518
37544 1
37545 37545
37606 1
37607 37607
37836 1
37837 37837
37904 37904
38060 38060
38114 38114
38156 38156
38406 1
38407 38407
38558 38558
38912 38912
39062 39062
39222 1
39223 39223
39434 1
39435 39435
39550 39550
39634 39634
39674 1
39675 39675
39684 1
39685 39685
39800 39800
39916 39916
40000 1
40001 2
40003 3
40006 4
40010 9
40019 8
40027 9
40036 9
40045 9
40054 9
40063 10
40073 8
40081 9
40090 9
40099 9
40108 9
40117 9
40126 9
40135 9
40144 9
40152 1
40153 40153
40164 1
40165 40165
40214 1
40215 40215
40260 40260
40338 1
40339 40339
40682 1
40683 40683
40780 40780
40838 1
40839 40839
40848 1
40849 40849
40958 40958
41044 41044
41070 1
41071 41071
41184 41184
41592 41592
41594 41594
41752 41752
41872 1
41873 41873
42014 1
42015 42015
42144 42144
42164 1
42165 42165
42296 42296
42414 42414
42672 1
42673 42673
42718 1
42719 42719
42782 1
42783 42783
42902 42902
42912 1
42913 42913
43356 43356
43382 43382
43598 1
43599 43599
43784 1
43785 43785
43944 43944
43992 1
43993 43993
44018 1
44019 44019
44396 44396
44468 44468
44482 44482
44644 44644
44686 44686
44850 1
44938 44938
44976 1
44977 44977
45202 1
45203 45203
45370 1
45452 1
45453 45453
45860 1
45861 45861
46004 46004
46162 1
46163 46163
46336 1
46337 46337
46396 1
46397 46397
46502 1
46503 46503
46656 1
46890 1
46891 46891
46986 1
46986 46986
46987 46987
47286 47286
47578 47578
47598 47598
47682 1
47683 47683
47844 1
47845 47845
47852 1
47853 47853
47954 1
48108 48108
48192 48192
48274 1
48275 48275
48402 48402
48510 1
48511 48511
48604 1
48605 48605
48680 1
48681 48681
48766 1
48767 48767
48828 48828
48922 1
48923 48923
48972 48972
49010 1
49011 49011
49300 1
49301 49301
49790 1
49791 49791
49840 49840
49880 1
50000 50000
50118 1
50119 50119
50300 50300
50334 50334
50412 1
50413 50413
50778 50778
50814 1
50815 50815
50878 50878
50914 50914
50924 1
50925 50925
51206 1
51222 1
51222 51222
51250 1
51251 51251
51308 51308
51386 1
51387 51387
51388 51388
51406 1
51407 51407
51520 1
51521 51521
51722 1
51723 51723
51760 51760
51858 1
51859 51859
51876 1
51877 51877
51936 51936
52176 1
52196 1
52197 52197
52588 52588
52604 1
52605 52605
52698 1
52699 52699
52748 1
52749 52749
52768 1
52769 52769
52818 1
52819 52819
52872 1
52873 52873
53282 1
53283 53283
53294 53294
53360 1
53361 53361
53374 53374
53432 1
53433 53433
53454 1
53455 53455
53606 1
53607 53607
53624 53624
53822 1
53823 53823
53990 53990
54198 54198
54336 54336
54340 1
54341 54341
54884 54884
55182 55182
55222 1
55223 55223
55318 1
55319 55319
55320 55320
55748 55748
55892 1
56286 56286
56346 56346
57920 57920
58332 58332
58510 1
58511 58511
58520 1
58521 58521
58642 1
58643 58643
58830 1
58831 58831
58920 58920
59002 59002
59142 59142
59306 59306
59438 1
59439 59439
59478 59478
59620 1
59621 59621
59694 1
59695 59695
60082 1
60126 1
60127 60127
60286 1
60287 60287
60690 60690
60814 1
60815 60815
61132 1
61133 61133
61372 1
61373 61373
62292 1
62293 62293
62324 62324
62430 62430
62484 1
62485 62485
62500 62500
62564 62564
62880 1
62881 62881
62968 1
63156 1
63190 63190
63292 1
63406 63406
63478 63478
63640 1
63641 63641
63642 63642
63758 1
63759 63759
64356 1
64357 64357
64374 1
64375 64375
64448 1
64449 64449
64470 1
64471 64471
64474 64474
64478 64478
64492 1
64493 64493
64500 64500
64738 1
65048 65048
65064 1
65065 65065
65162 65162
65168 1
65169 65169
65260 65260
65362 65362
65364 1
65365 65365
65614 1
65615 65615
65712 1
65713 65713
66276 66276
66440 66440
66710 66710
66848 1
66849 66849
66852 66852
66894 1
66895 66895
67236 1
67237 67237
67796 1
68308 1
68408 68408
68472 1
68473 68473
68742 68742
68968 1
68969 68969
69078 69078
69842 69842
69888 1
69994 1
69995 69995
70024 1
70025 70025
70368 1
70369 70369
70690 1
70691 70691
71018 1
71019 71019
71172 71172
71976 1
71977 71977
72088 1
72089 72089
72784 72784
72818 1
72819 72819
73024 1
73025 73025
73202 73202
73252 1
73253 73253
73324 73324
73956 1
73976 73976
74440 74440
74616 1
74617 74617
74852 74852
74924 1
74925 74925
74992 74992
75000 1
75001 75001
75036 75036
75090 1
75091 75091
75674 75674
75808 1
75809 75809
76120 1
76121 76121
76228 76228
76312 76312
77116 77116
77824 1
77825 77825
78124 1
78125 78125
78446 1
78447 78447
78870 1
79100 79100
79268 1
79269 79269
79370 1
79371 79371
79600 79600
79832 1
80306 1
80306 80306
80307 80307
80330 1
80331 80331
80430 80430
80520 1
80521 80521
80678 1
80679 80679
81366 1
81560 81560
81678 1
81679 81679
81916 81916
82088 82088
82368 82368
83188 1
83189 83189
83746 83746
84030 1
84288 1
84289 84289
84330 1
84331 84331
84592 84592
85346 85346
85438 85438
85566 1
85567 85567
85804 1
85805 85805
85826 85826
86712 1
86713 86713
86764 1
86765 86765
87570 1
87888 87888
87986 1
87987 87987
88038 88038
88792 88792
88936 88936
88964 1
88965 88965
89288 89288
89372 1
89373 89373
89876 89876
89954 89954
90406 90406
90906 1
90907 90907
91722 91722
92008 1
92009 92009
92326 92326
92674 1
92675 92675
92794 1
92795 92795
93006 1
93007 93007
93972 1
93973 93973
93974 1
93975 93975
94572 94572
95156 1
95157 95157
95196 95196
95366 1
95690 1
95691 95691
95706 95706
96216 1
96384 96384
96550 1
96551 96551
96804 1
97022 97022
97210 1
97211 97211
97362 97362
97534 97534
97656 97656
97846 1
97847 97847
97944 97944
98022 98022
98602 1
98603 98603
99582 99582
99680 99680
100000 100000
100238 1
100600 1
100601 100601
100668 100668
100826 1
101556 101556
101630 1
101631 101631
101756 1
101757 101757
101828 101828
102444 1
102502 102502
102616 102616
102774 1
102775 102775
102776 102776
102814 102814
103042 1
103043 103043
103446 103446
103520 103520
103718 103718
103754 103754
103872 1
104394 1
105176 1
105177 105177
105210 105210
105398 1
105399 105399
105498 1
105499 105499
105538 105538
105638 1
105639 105639
105746 1
106566 1
106567 106567
106588 106588
106722 106722
106748 1
106749 106749
106866 1
106867 106867
106910 106910
107214 1
107248 1
107249 107249
107646 107646
107980 1
107981 107981
108396 1
108397 108397
108672 108672
109768 109768
110364 110364
110638 110638
110640 1
110641 110641
111496 1
111497 111497
112572 112572
116664 1
116665 116665
117022 1
117023 117023
117042 1
117043 117043
117286 1
117287 117287
117662 117662
117840 1
117841 117841
118004 118004
118284 118284
118612 118612
118878 1
118879 118879
118956 118956
119242 1
119243 119243
119390 1
119391 119391
120574 1
120575 120575
121380 1
121381 121381
121630 1
121631 121631
122266 1
122746 122746
124586 1
124587 124587
124648 124648
124860 124860
124970 1
125000 125000
125128 125128
125762 1
126380 1
126381 126381
126812 1
126813 126813
126956 126956
127282 127282
127284 1
127518 127518
128714 1
128750 128750
128898 1
128899 128899
128942 1
128943 128943
128956 128956
128986 1
128987 128987
129000 1
129001 129001
130096 1
130097 130097
130130 1
130324 130324
130338 130338
130520 1
130521 130521
130724 1
130725 130725
130730 1
130731 130731
131426 131426
132552 1
132553 132553
133420 133420
133698 1
133704 1
133705 133705
133790 1
134474 1
136816 1
136817 136817
136946 1
136947 136947
137484 1
137485 137485
137938 1
137939 137939
138156 1
139684 139684
139990 1
139991 139991
140050 140050
140738 1
141382 1
141383 141383
142038 1
142039 142039
142344 1
143954 143954
144178 144178
145638 1
145639 145639
146050 146050
146404 146404
146506 1
146507 146507
147952 1
147953 147953
148880 1
148881 148881
149234 149234
149704 149704
149850 1
149984 1
149985 149985
150002 1
150002 150002
150003 150003
150072 1
150182 1
150183 150183
151348 1
151349 151349
151618 1
152242 1
152243 152243
152456 152456
152624 1
152625 152625
154232 154232
155650 155650
156250 156250
156894 1
156895 156895
158200 158200
158538 158538
158742 1
158743 158743
159200 159200
160612 160612
160612 642448
160614 1
160615 160615
160662 1
160663 160663
160860 1
160861 160861
161042 1
161043 161043
163120 1
163121 163121
163358 1
163359 163359
163832 163832
164176 164176
164736 1
164737 164737
166378 1
167492 167492
168578 1
168579 168579
168662 1
169184 1
170692 1
170876 1
171134 1
171135 171135
171610 1
171611 171611
173426 1
173427 173427
173530 1
173531 173531
175776 1
175777 175777
175974 1
176076 1
176077 176077
177872 1
177873 177873
177930 177930
178576 1
178746 178746
179752 179752
179908 179908
180812 180812
181814 1
181815 181815
184018 184018
184652 184652
185350 1
185351 185351
185590 185590
186014 1
186015 186015
187946 1
187950 1
189144 1
189145 189145
190314 190314
190392 1
191382 1
191383 191383
192768 1
192769 192769
193102 1
193103 193103
194044 1
194724 1
195312 195312
195888 1
195889 195889
197206 197206
199164 1
199165 199165
199360 199360
201202 201202
201336 201336
203262 1
205232 1
205550 205550
205628 205628
206086 206086
206892 206892
207436 1
207508 1
210354 210354
210798 210798
211076 1
211077 211077
211278 1
211279 211279
213134 1
213135 213135
213176 1
213444 1
213445 213445
213820 213820
214498 1
214499 214499
215962 215962
216794 216794
217344 217344
219536 219536
220728 220728
221276 221276
221282 1
221283 221283
222994 1
222995 222995
225144 225144
233330 1
233331 233331
234046 1
234047 234047
234086 1
234574 234574
236008 1
236009 236009
236568 1
236569 236569
237224 1
237912 1
237913 237913
238486 1
238487 238487
238782 238782
241150 241150
243262 1
243263 243263
245492 1
245493 245493
249174 249174
249720 1
249721 249721
250000 250000
250256 1
250257 250257
252762 252762
253626 1
253627 253627
253912 1
253913 253913
254564 254564
255036 255036
257798 257798
257912 1
257974 1
257975 257975
260648 1
260649 260649
260676 260676
261042 1
261043 261043
261450 1
261451 261451
261462 1
261463 261463
262852 262852
265106 1
265107 265107
267410 1
267411 267411
273634 273634
273894 1
273895 273895
274970 1
275878 1
275879 275879
279368 279368
279982 279982
280100 1
280101 280101
282766 1
282767 282767
287908 287908
288356 1
288357 288357
291278 1
291279 291279
292100 292100
292808 1
293014 1
295906 1
295907 295907
297762 297762
298468 1
299408 1
299409 299409
299970 299970
300004 1
300005 300005
300006 300006
300366 300366
304486 304486
304912 1
304913 304913
305250 1
305251 305251
308464 1
308465 308465
311300 1
311301 311301
312500 312500
313790 1
313791 313791
316400 316400
317076 317076
317486 1
317487 317487
318400 318400
321224 321224
321230 1
321326 321326
321722 1
321723 321723
326242 1
326243 326243
326718 1
326719 326719
327664 327664
328352 1
328353 328353
329474 329474
334984 334984
337158 337158
342270 1
343222 1
346854 1
346855 346855
347062 1
347063 347063
351554 351554
352154 1
352155 352155
355746 1
355747 355747
357492 357492
359504 1
359505 359505
359816 1
359817 359817
363630 1
363631 363631
368036 368036
369304 1
369305 369305
371180 1
372030 1
372031 372031
378290 1
378291 378291
380628 1
380629 380629
382766 1
385538 1
386206 1
386207 386207
390624 1
390625 390625
391778 391778
394412 1
394413 394413
398330 1
398331 398331
398720 1
402404 1
402405 402405
402672 402672
411100 1
411101 411101
420708 1
420709 420709
421596 1
422154 1
422155 422155
426270 1
426271 426271
426890 426890
427640 1
427641 427641
428998 1
431924 431924
433588 1
433589 433589
434688 434688
439072 1
439073 439073
441456 1
441457 441457
442552 1
442553 442553
442566 1
445990 1
450288 1
450289 450289
466662 466662
468094 468094
469148 1
469149 469149
472018 1
473138 1
473139 473139
475826 475826
476974 476974
477564 1
477565 477565
482300 482300
486526 1
486527 486527
490986 1
490987 490987
498348 498348
499442 1
499443 499443
500000 500000
505524 505524
507254 1
507826 507826
509128 509128
510072 510072
515596 515596
515950 515950
521298 1
521299 521299
521352 521352
522086 1
522087 522087
522902 1
522903 522903
522926 1
522927 522927
525704 1
530214 1
530215 530215
534822 1
534823 534823
547268 1
547269 547269
547790 547790
551758 551758
558736 1
558737 558737
559964 559964
560202 560202
575816 575816
576714 1
576715 576715
582558 582558
598818 1
598819 598819
599940 1
599941 599941
600010 1
600012 1
600013 600013
600732 1
600733 600733
608972 1
608973 608973
609826 609826
610502 610502
616930 1
616931 616931
622602 1
622603 622603
625000 625000
627582 1
632800 632800
634974 1
634975 634975
642652 642652
643446 1
643447 643447
652486 652486
653438 1
653439 653439
656706 1
658948 1
658949 658949
669968 1
669969 669969
674316 1
674317 674317
693710 693710
694126 694126
703108 1
703109 703109
704310 1
704311 704311
711494 711494
714984 1
714985 714985
719010 1
719011 719011
719634 719634
738610 1
738611 738611
744062 1
744063 744063
756582 756582
761258 761258
772414 1
772415 772415
781250 781250
783556 783556
788826 788826
796662 1
796663 796663
803060 2609945
804810 1
804811 804811
805344 805344
822202 1
822203 822203
841418 1
841419 841419
844310 844310
852542 1
852543 852543
855282 855282
863848 863848
867178 867178
869376 1
869377 869377
878146 1
878147 878147
882914 882914
885106 1
885107 885107
900578 900578
933324 933324
936188 936188
938298 1
938299 938299
946278 1
946279 946279
951652 1
951653 951653
953948 1
953949 953949
955130 1
964600 1
964601 964601
973054 973054
981974 981974
996696 1
998886 998886
1000000 1000000
1011048 1
1011049 1011049
1015652 1
1015653 1015653
1018256 1
1018257 1018257
1020144 1
1020145 1020145
1031900 1031900
1042598 1
1042599 1042599
1042704 1042704
1044174 1044174
1045806 1045806
1045854 1045854
1060430 1060430
1069646 1
1094538 1094538
1095580 1095580
1103516 1103516
1117474 1
1117475 1117475
1119928 1
1151632 1151632
1153430 1
1165116 1
1197638 1
1197639 1197639
1199882 1199882
1200026 1
1201466 1201466
1217946 1217946
1219652 1
1221004 1
1221005 1221005
1233862 1
1233863 1233863
1245206 1245206
1250000 1250000
1269950 1269950
1285304 1
1304972 1304972
1306878 1306878
1317898 1317898
1339938 1
1348634 1
1348635 1348635
1387420 1
1388252 1
1406218 1
1406219 1406219
1408622 1
1408623 1408623
1429970 1
1429971 1429971
1438022 1
1439268 1439268
1477222 1
1477223 1477223
1488126 1488126
1513164 1
1522516 1522516
1544830 1544830
1562500 1562500
1567112 1
1567113 1567113
1577652 1577652
1593326 1593326
1609622 1609622
1610688 1
1682838 1
1682839 1682839
1688620 1688620
1705086 1
1705087 1705087
1710564 1
1727696 1727696
1734356 1
1734357 1734357
1738754 1
1756294 1756294
1765828 1
1770214 1
1801156 1
1801157 1801157
1866648 1
1872376 1
1892558 1892558
1907898 1907898
1929202 1929202
1946108 1946108
1997772 1
1997773 1997773
2022098 1
2031306 2031306
2036514 1
2040290 2040290
2063800 2063800
2085198 1
2085199 2085199
2088348 1
2088349 2088349
2091612 1
2091613 2091613
2091708 2091708
2120860 1
2120861 2120861
2189076 1
2189077 2189077
2191160 1
2207032 1
2207033 2207033
2234950 1
2234951 2234951
2303264 1
2303265 2303265
2395278 1
2399764 1
2399765 2399765
2402932 1
2402933 2402933
2435892 1
2435893 2435893
2442010 1
2442011 2442011
2467726 1
2467727 2467727
2490412 1
2500000 2500000
2539900 1
2609944 1
2635796 2635796
2697270 2697270
2817246 2817246
2859942 2859942
2878536 1
2954446 1
2976252 2976252
3045032 3045032
3089660 3089660
3125000 3125000
3134226 1
3155304 1
3155305 3155305
3186652 1
3186653 3186653
3219244 3219244
3365678 1
3377240 3377240
3410174 1
3410175 3410175
3413005 1
3413006 1
3413007 1
3413008 1
3413009 298469
3455392 3455392
3468714 1
3468715 3468715
3711478 29152
3740630 1551
3742181 93782
3785116 1
3815796 1
3815797 3815797
3835963 15683
3851646 1387421
3858404 1
3858405 3858405
3892216 3892216
3995546 3995546
4062612 1
4080580 4080580
4183226 1
4606530 1
4799530 1
4799531 4799531
4884022 1
4884023 4884023
4935454 1
4935455 4935455
5000000 5000000
5239067 105747
5344814 274971
5394540 1
5394541 5394541
5619785 235324
5855109 4851
5859960 207437
5952504 1
6067397 29709
6090064 1
6097106 6544
6103650 500514
6179320 1
6250000 6250000
6310610 1
6438488 1
6604164 21756
6625920 15800
6641720 100827
6742547 191412
6754480 1
6820350 1
6910784 1
6933959 627583
7561542 51890
7613432 96217
7709649 110446
7716810 1
7784432 1
7784433 7784433
7820095 161358
7981453 17834
7999287 24364
8023651 68309
8091960 124971
8161160 1
8216931 166379
8383310 428999
8812309 104395
8916704 203514
9120218 83504
9203722 413784
9599062 1
9599063 9599063
9617506 30782
9648288 84828
9733116 52177
9768046 1
9785293 122267
9870910 1
9907560 44851
9952411 361624
10000000 10000000
10314035 11144
10325179 215292
10540471 134475
10674946 49881
10724827 242762
10789082 1
10967589 100239
11067828 6426
11074254 321231
11395485 234087
11629572 48652
11678224 75214
11753438 16909
11770347 472019
12242366 51223
12293589 565534
12500000 12500000
12859123 257886
13117009 64739
13181748 187947
13369695 171652
13541347 140739
13682086 183444
13865530 195068
14060598 370702
14431300 45371
14476671 2385
14479056 30598
14509654 102445
14612099 260194
14872293 42848
14915141 422558
15337699 194725
15532424 81698
15568866 1
15614122 103873
15717995 656707
16374702 81367
16456069 73932
16530001 203263
16733264 8058
16741322 8053
16749375 175975
16925350 133699
17059049 4265
17063314 237758
17301072 421597
17722669 9879
17732548 6284
17738832 4041
17742873 125763
17868636 237225
18105861 13031
18118892 203112
18322004 507255
18829259 445991
19198126 19198126
19275250 40840
19316090 210998
19527088 55893
19582981 151619
19734600 108682
19843282 48984
19892266 355860
20248126 127285
20375411 168663
20544074 412172
20956246 736072
21692318 55822
21748140 146648
21894788 10025
21904813 73957
21978770 48832
22027602 249296
22276898 196044
22472942 398721
22871663 120254
22991917 293015
23284932 302698
23587630 371181
23958811 600011
24558822 82142
24640964 205233
24846197 35953
24882150 87571
24969721 128948
25000000 25000000
25098669 61958
25160627 79350
25239977 23261
25263238 258002
25521240 10854
25532094 67797
25599891 195694
25795585 101850
25897435 257913
26155348 83184
26238532 13791
26252323 30850
26283173 130131
26413304 15307
26428611 38092
26466703 13424
26480127 5636
26485763 76814
26562577 210420
26772997 60083
26833080 65710
26898790 87198
26985988 50906
27036894 343223
27380117 21116
27401233 213498
27614731 235682
27850413 47955
27898368 32226
27930594 131230
28061824 112692
28174516 169185
28343701 46657
28390358 194045
28584403 194422
28778825 132880
28911705 178577
29090282 1255
29091537 62969
29154506 96805
29251311 21013
29272324 205004
29477328 115840
29593168 145568
29738736 19202
29757938 128715
29886653 205552
30092205 57740
30149945 213734
30363679 207509
30571188 213177
30784365 10187
30794552 95367
30889919 207040
31096959 170877
31267836 78871
31346707 6926
31353633 177584
31531217 84031
31615248 34979
31650227 382767
32032994 107215
32140209 133791
32274000 79833
32353833 55382
32409215 30869
32440084 150073
32590157 4139
32594296 170693
32764989 142345
32907334 63293
32970627 187951
33158578 149851
33308429 66110
33374539 63157
33437696 292809
33730505 69889
33800394 266840
34067234 2496
34069730 60280
34130010 2
34130012 2
34130014 2
34130016 2
34130018 2
34130020 9
34130029 7
34130036 9
34130045 9
34130054 9
34130063 9
34130072 9
34130081 307170019
38396252 38396252
50000000 50000000
76792504 76792504
100000000 100000000
153585008 1
153585009 153585009
307170018 1
341300100 1
341300101 1
341300102 1
341300103 1
341300104 1
341300105 1
341300106 1
341300107 1
341300108 1
341300109 11
341300120 3
341300123 3
341300126 3
341300129 11
341300140 2
341300142 2
341300144 2
341300146 2
341300148 2
341300150 10
341300160 20
341300180 20
341300200 90
341300290 70
341300360 90
341300450 90
341300540 90
341300630 90
341300720 1
341300721 10
341300731 100
341300831 1000
341301831 10000
341311831 100000
341411831 1000000
342411831 10000000
352411831 100000000
452411831 2
452411833 20
452411853 200
452412053 2000
452414053 20000
452434053 200000
452634053 2000000
454634053 20000000
474634053 200000000
674634053 6090065
680724118 1165117
681889235 385539
682274774 342271
682617045 1872377
684489422 51207
684540629 2085408
686626037 1119929
687745966 12765
687758731 1031192
688789923 955131
689745054 591814
690336868 2036515
692373383 5952505
698325888 1876598
700202486 1339939
701542425 5634492
707176917 996697
708173614 2395279
710568893 4414066
714982959 6820351
721803310 4871786
726675096 1710565
728385661 4241722
732627383 1069647
733697030 1770215
735467245 9870911
745338156 1765829
747103985 15568867
762672852 2878537
765551389 203656
765755045 2613756
768368801 4805866
773174667 1513165
774687832 2812438
777500270 322086
777822356 1219653
779042009 1644406
780686415 1285305
781971720 3134227
785105947 1265600
786371547 636800
787008347 6310611
793318958 6179321
799498279 190393
799688672 4170398
803859070 5271592
809130662 1866649
810997311 284078
811281389 1610689
812892078 2191161
815083239 2490413
817573652 7991092
825564744 1200027
826764771 4378154
831142925 257500
831400425 525705
831926130 9768047
841694177 4183227
845877404 442567
846319971 8161161
854481132 4183416
858664548 1438023
860102571 5719884
865822455 6438489
872260944 584200
872845144 1903306
874748450 3602314
878350764 411256
878762020 3512588
882274608 6910785
889185393 4606531
893791924 6754481
900546405 6937430
907483835 138157
907621992 1422988
909044980 1963948
911008928 853780
911862708 1153431
913016139 3365679
916381818 7631594
924013412 2954447
926967859 634152
927602011 1286894
928888905 4062613
932951518 4176698
937128216 3785117
940913333 6373306
947286639 595524
947882163 7716811
955598974 727262
956326236 1738755
958064991 1120404
959185395 4127600
963312995 4469902
967782897 2539901
970322798 1388253
971711051 655328
972366379 2022099
974388478 10789083
