665
1 1
2 1
2 2
3 3
4 1
4 4
5 5
6 1
6 6
7 7
8 1
8 8
9 9
10 1
10 10
11 11
12 1
12 12
13 13
14 1
14 14
15 15
16 1
16 16
17 17
18 1
18 18
19 19
20 1
20 20
21 21
22 1
22 22
23 23
24 1
24 24
25 25
26 1
26 26
27 27
28 1
28 28
29 29
30 1
30 30
31 31
32 1
32 32
33 33
34 1
34 34
35 35
36 1
36 36
37 37
38 1
38 38
39 39
40 1
40 40
41 41
42 1
42 42
43 43
44 1
44 44
45 45
46 1
46 46
47 47
48 1
48 48
49 49
50 50
52 1
52 52
53 53
54 1
55 55
56 56
58 1
58 58
59 59
60 1
60 60
61 61
62 1
62 62
63 63
64 1
64 64
65 65
66 66
68 1
69 69
70 70
72 1
72 72
73 73
74 74
76 1
76 76
77 77
78 78
80 80
82 82
84 1
85 85
86 1
87 87
88 1
90 90
92 92
94 1
94 94
95 95
96 1
97 97
98 1
99 99
100 1
101 101
104 1
105 105
106 1
107 107
110 1
111 111
112 1
113 113
116 116
118 118
120 120
122 1
123 123
124 1
125 125
126 1
127 127
128 128
130 130
132 132
138 138
140 140
146 146
148 1
149 149
152 152
154 1
155 155
156 1
157 157
160 1
161 161
164 164
170 1
171 171
174 174
180 1
181 181
184 184
188 188
190 1
191 191
194 1
195 195
198 1
199 199
202 1
203 203
210 1
211 211
214 1
215 215
222 1
223 223
226 1
227 227
232 1
236 1
237 237
240 1
241 241
246 246
250 1
251 251
254 1
255 255
256 256
260 1
261 261
264 1
265 265
276 276
280 1
281 281
292 1
293 293
298 298
304 1
305 305
310 310
314 1
315 315
322 1
323 323
328 328
342 342
348 348
362 362
368 368
376 1
382 1
383 383
390 390
398 1
399 399
406 406
422 422
430 430
446 1
447 447
454 1
455 455
474 474
482 482
492 1
493 493
502 502
510 1
511 511
512 512
522 522
530 1
531 531
552 1
553 553
562 1
563 563
586 586
596 596
620 620
630 1
631 631
646 646
656 1
657 657
684 684
696 696
724 724
736 1
737 737
766 1
767 767
780 780
798 798
812 812
844 1
845 845
860 860
894 1
895 895
910 1
911 911
948 948
964 1
965 965
986 1
1004 1004
1022 1022
1024 1024
1044 1
1045 1045
1062 1
1063 1063
1106 1106
1126 1126
1172 1172
1192 1192
1240 1
1241 1241
1262 1
1263 1263
1292 1292
1314 1314
1368 1368
1392 1392
1448 1
1449 1449
1474 1474
1534 1534
1560 1
1561 1561
1596 1
1624 1
1625 1625
1690 1
1691 1691
1720 1720
1790 1
1791 1791
1822 1822
1896 1896
1930 1930
2008 2008
2044 2044
2048 2048
2090 2090
2126 1
2127 2127
2212 1
2213 2213
2252 2252
2344 2344
2384 1
2385 2385
2482 2482
2526 2526
2628 1
2629 2629
2736 2736
2784 2784
2898 2898
2948 2948
3068 1
3069 3069
3122 3122
3250 3250
3382 3382
3440 1
3441 3441
3582 3582
3644 1
3645 3645
3792 1
3793 3793
3860 3860
4016 1
4017 4017
4088 4088
4096 4096
4180 1
4254 4254
4426 1
4427 4427
4504 1
4505 4505
4688 1
4689 4689
4770 1
4771 4771
4964 1
4965 4965
5052 1
5053 5053
5258 5258
5472 1
5473 5473
5568 1
5569 5569
5796 5796
5896 1
5897 5897
6138 6138
6244 1
6245 6245
6500 6500
6764 1
6882 1
6883 6883
7164 7164
7290 7290
7586 1
7587 7587
7720 7720
8034 8034
8176 8176
8192 8192
8508 1
8509 8509
8854 1
8855 8855
9010 1
9011 9011
9378 9378
9542 1
9543 9543
9930 1
9931 9931
10106 10106
10516 1
10517 10517
11138 11138
11592 11592
11794 1
11795 11795
12276 12276
12490 1
12491 12491
13000 13000
13766 1
13767 13767
14328 14328
14580 14580
15174 15174
15440 15440
16068 1
16069 16069
16352 16352
16384 16384
17018 17018
17710 1
18022 18022
18756 18756
19086 19086
19862 1
19863 19863
20212 20212
21034 1
21035 21035
22276 22276
23184 23184
23590 1
23591 23591
24552 24552
24982 1
24983 24983
26000 1
26001 26001
27534 1
27535 27535
28656 1
29160 29160
30348 30348
30880 1
30881 30881
32138 1
32139 32139
32704 32704
32768 32768
34036 34036
36044 36044
37512 37512
38172 38172
39726 39726
40424 40424
42070 42070
44552 1
44553 44553
47182 1
47183 47183
49104 49104
49966 1
49967 49967
52002 52002
55070 1
55071 55071
58320 1
58321 58321
60696 60696
61762 1
61763 61763
64278 64278
65408 65408
65536 1
65537 2
65539 3
65542 5
65547 8
65555 13
65568 21
65589 34
65623 55
65678 89
65767 144
65911 233
66144 377
66521 610
67131 987
68072 68072
68118 1597
69715 2584
72088 1
72089 72089
72299 4181
75024 1
76344 76344
76480 6765
79452 79452
80848 1
80849 80849
83245 10946
84140 1
84141 84141
89106 1
89107 89107
94191 17711
94366 94366
98208 1
98209 98209
99934 1
99935 99935
104004 1
104005 104005
110142 1
110143 110143
111902 28657
116642 1
116643 116643
121392 1
123526 1
123527 123527
128556 1
128557 128557
130816 1
130817 130817
136144 136144
140559 46368
144178 1
144179 144179
152688 152688
158904 1
158905 158905
161698 1
161699 161699
168282 1
168283 168283
178214 1
178215 178215
186927 75025
188732 188732
199870 1
199871 199871
208010 208010
220286 220286
233286 233286
247054 247054
257114 257114
261634 1
261635 261635
261952 121393
272288 272288
288358 288358
305376 305376
317810 1
323398 323398
336566 1
336567 336567
356430 356430
377464 1
377465 377465
383345 196418
399742 399742
416020 416020
440572 440572
466572 1
466573 466573
494108 1
494109 494109
514228 1
523270 523270
544576 1
544577 544577
576716 576716
579763 317811
610752 610752
646796 1
646797 646797
673134 673134
712860 712860
754930 1
754931 754931
799484 1
799485 799485
881144 881144
897574 514229
933146 1
933147 933147
988218 988218
1046540 1046540
1089154 1089154
1153432 1
1153433 1153433
1221504 1
1221505 1221505
1293594 1293594
1346268 1
1411803 832040
1425720 1
1425721 1425721
1509862 1
1509863 1509863
1598970 1
1598971 1598971
1762288 1
1762289 1762289
1866294 1866294
1976436 1
1976437 1976437
2093080 2093080
2178308 1
2243843 1346269
2306866 2306866
2443010 2443010
2587188 1
2587189 2587189
2851442 1
2851443 2851443
3019726 1
3019727 3019727
3197942 3197942
3590112 2178309
3732588 3732588
3952874 3952874
4186160 4186160
4613732 4613732
4886020 1
4886021 4886021
5174378 1
5174379 5174379
5702886 1
5768421 3524578
6039454 6039454
6395884 6395884
7465176 7465176
7905748 7905748
8372320 1
8372321 8372321
9227464 1
9292999 5702887
9772042 9772042
10348758 10348758
12078908 12078908
12791768 1
12791769 12791769
14995886 9227465
15811496 15811496
16744642 1
16744643 16744643
19544084 19544084
20697516 1
20697517 20697517
24157816 1
24223351 14930352
25583538 25583538
31622992 1
31622993 31622993
33489286 1
33489287 33489287
39088168 1
39153703 24157817
41395034 1
41395035 41395035
51167076 1
51167077 51167077
63311520 39088169
66978574 66978574
82790070 82790070
102334154 1
102399689 63245986
133957148 133957148
165580140 1
165645675 102334155
267979830 165580141
433559971 267914296
