228
1 1
2 1
2 2
3 2
3 3
4 1
4 4
5 2
5 5
6 1
6 6
7 1
7 7
8 7
8 8
10 1
10 10
11 11
12 12
14 1
15 15
15 16
16 16
20 1
20 20
21 21
22 1
23 23
24 24
30 1
30 30
31 31
31 32
32 32
40 40
42 1
43 43
46 46
48 48
60 60
62 1
63 63
63 64
64 64
80 80
86 1
87 87
92 1
93 93
96 96
120 120
126 1
127 127
127 128
128 128
160 160
174 1
175 175
186 1
187 187
192 192
240 240
254 1
255 255
255 256
256 1
256 256
320 320
350 1
351 351
374 1
375 375
384 384
480 1
481 481
510 1
511 255
511 511
512 512
640 640
702 1
703 703
750 1
751 751
766 257
768 768
962 1
963 963
1022 1
1023 512
1023 1023
1024 1024
1280 1280
1406 1
1407 1407
1502 1
1503 1503
1535 512
1536 1536
1926 1926
2046 1
2047 1024
2047 2047
2048 1
2048 2048
2049 2049
2560 2560
2814 1
2815 2815
3006 1
3007 3007
3071 1024
3072 3072
3852 1
3853 3853
4094 1
4095 4095
4095 4096
4096 4096
5120 5120
5630 1
5631 5631
6014 1
6015 6015
6144 6144
7706 7706
8190 1
8191 4094
8191 8191
8192 1
8192 8192
8193 8193
10240 10240
11262 1
11263 11263
12030 1
12031 12031
12285 4098
12288 12288
15412 15412
16383 16384
16384 16384
20480 20480
22526 1
22527 22527
24062 1
24063 24063
24576 24576
30824 30824
32767 16382
32768 32768
40960 40960
45054 1
45055 45055
48126 1
48127 48127
49149 16386
49152 49152
61648 1
61649 61649
65535 196608
65536 65536
81920 81920
90110 1
90111 90111
96254 1
96255 96255
98304 98304
123298 1
123299 123299
131072 131072
163840 163840
180222 1
180223 180223
192510 1
192511 192511
246598 246598
262143 2883582
262144 262144
327680 327680
360446 1
360447 360447
385022 1
385023 385023
493196 493196
524288 1
524289 524289
655360 655360
720894 1
720895 720895
770046 1
770047 770047
986392 986392
1310720 1310720
1441790 1
1441791 1441791
1540094 1
1540095 1540095
1972784 1972784
2621440 2621440
3080190 1
3080191 3080191
3145725 1048578
3945568 3945568
4194303 197132286
5242880 5242880
6160382 1
6160383 6160383
7891136 7891136
10485760 10485760
12320766 1
12320767 12320767
15782272 15782272
20971520 20971520
24641534 1
24641535 24641535
31564544 31564544
41943040 41943040
49283070 1
49283071 49283071
63129088 1
83886080 83886080
98566142 1
98566143 98566143
167772160 1
167772161 167772161
201326589 335544322
536870911 63129089
