121
1 1
2 1
3 3
6 6
12 1
13 13
26 26
52 52
104 104
208 1
209 209
418 1
419 419
838 838
1677 1676
1676 1676
3353 3352
3352 3352
6705 6704
6704 6704
13409 13408
13408 13408
26817 26816
418 418
836 1
837 837
1674 1
1675 1675
3350 1
3351 3351
6702 1
6703 6703
13406 1
13407 13407
26814 26814
53633 53628
53628 53628
107256 1
107261 107257
107256 107256
214518 214512
214512 214512
429024 1
429030 429025
429025 429025
858055 858050
429024 429024
858048 1
858049 858049
1716098 1
1716105 1716099
858050 858050
1716100 1
1716101 1716101
3432204 3432202
1716100 1716100
3432200 3432200
6864406 6864400
6864400 1
6864401 6864401
13728806 13728802
13728802 13728802
27457608 27457604
27457604 27457604
54915212 54915208
54915208 54915208
109830416 1
109830420 109830417
6864400 6864400
13728800 1
13728801 13728801
27457602 1
27457603 27457603
54915206 1
54915207 54915207
109830414 1
109830415 109830415
219660830 1
219660837 219660831
219660831 219660831
439321668 439321662
6 1
7 7
14 14
28 28
56 1
57 57
114 1
115 115
230 1
231 231
462 462
924 1
925 925
1850 1
1851 1851
3702 1
3703 3703
7406 1
7407 7407
14814 14814
29628 29628
59256 59256
118512 118512
237024 237024
474048 1
474049 474049
948098 948098
1896196 1
1896197 1896197
3792394 1
3792395 3792395
7584790 1
7584791 7584791
15169582 1
15169583 15169583
30339166 1
30339167 30339167
60678334 60678334
121356668 1
878643330 121356669
