1131
1 1
1 2
1 3
1 4
1 5
1 6
1 7
1 8
1 9
1 10
1 11
1 12
1 13
1 14
1 15
1 16
1 17
1 18
1 19
1 20
1 21
1 22
1 23
1 24
1 25
1 26
1 27
1 28
1 29
1 30
1 31
1 32
1 33
1 34
1 35
1 36
1 37
1 38
1 39
1 40
1 41
1 42
1 43
1 44
1 45
1 46
1 47
1 48
1 49
1 50
1 51
1 52
1 53
1 54
1 55
1 56
1 57
1 58
1 59
1 60
1 61
1 62
1 63
1 64
1 65
1 66
1 67
1 68
1 69
1 70
1 71
1 72
1 73
1 74
1 75
1 76
1 77
1 78
1 79
1 80
1 81
1 82
1 83
1 84
1 85
1 86
1 87
1 88
1 89
1 90
1 91
1 92
1 93
1 94
1 95
1 96
1 97
1 98
1 99
100 100
200 200
400 400
800 800
1600 1600
3200 3200
6400 6400
12800 12800
25600 25600
51200 51200
102400 102400
204800 204800
409600 409600
819200 819200
1638400 1638400
3276800 3276800
6553600 6553600
13107200 13107200
26214400 26214400
52428800 52428800
104857600 104857600
209715200 209715200
419430400 419430400
104857600 838860800
52428800 943718400
3276800 996147200
409600 999424000
102400 999833600
12800 999936000
800 999948800
400 999949600
100 999950000
2 999950100
19 999950102
72 999950121
77 999950193
37 999950270
79 999950307
13 999950386
42 999950399
20 999950441
17 999950461
6 999950478
37 999950484
8 999950521
51 999950529
86 999950580
70 999950666
98 999950736
42 999950834
55 999950876
25 999950931
22 999950956
39 999950978
14 999951017
5 999951031
18 999951036
79 999951054
72 999951133
1 999951205
17 999951206
54 999951223
49 999951277
25 999951326
57 999951351
28 999951408
95 999951436
19 999951531
74 999951550
18 999951624
42 999951642
22 999951684
96 999951706
78 999951802
6 999951880
45 999951886
15 999951931
87 999951946
83 999952033
77 999952116
88 999952193
74 999952281
57 999952355
1 999952412
84 999952413
66 999952497
55 999952563
42 999952618
39 999952660
65 999952699
10 999952764
92 999952774
53 999952866
72 999952919
51 999952991
49 999953042
51 999953091
86 999953142
84 999953228
46 999953312
36 999953358
46 999953394
77 999953440
90 999953517
85 999953607
67 999953692
92 999953759
84 999953851
91 999953935
22 999954026
37 999954048
98 999954085
99 999954183
6 999954282
73 999954288
23 999954361
33 999954384
32 999954417
95 999954449
91 999954544
37 999954635
85 999954672
51 999954757
25 999954808
35 999954833
31 999954868
66 999954899
13 999954965
41 999954978
72 999955019
65 999955091
90 999955156
63 999955246
39 999955309
81 999955348
69 999955429
7 999955498
68 999955505
2 999955573
17 999955575
74 999955592
3 999955666
78 999955669
53 999955747
68 999955800
91 999955868
34 999955959
96 999955993
29 999956089
96 999956118
73 999956214
11 999956287
79 999956298
54 999956377
14 999956431
4 999956445
80 999956449
28 999956529
7 999956557
53 999956564
77 999956617
12 999956694
20 999956706
66 999956726
50 999956792
88 999956842
60 999956930
73 999956990
44 999957063
19 999957107
83 999957126
20 999957209
21 999957229
99 999957250
53 999957349
43 999957402
16 999957445
76 999957461
63 999957537
43 999957600
6 999957643
26 999957649
30 999957675
29 999957705
41 999957734
95 999957775
43 999957870
13 999957913
88 999957926
66 999958014
93 999958080
71 999958173
68 999958244
8 999958312
70 999958320
29 999958390
68 999958419
81 999958487
74 999958568
30 999958642
71 999958672
3 999958743
70 999958746
88 999958816
94 999958904
82 999958998
83 999959080
81 999959163
83 999959244
23 999959327
29 999959350
58 999959379
20 999959437
20 999959457
38 999959477
34 999959515
35 999959549
79 999959584
81 999959663
51 999959744
75 999959795
18 999959870
60 999959888
99 999959948
86 999960047
24 999960133
27 999960157
86 999960184
75 999960270
64 999960345
69 999960409
80 999960478
15 999960558
74 999960573
27 999960647
46 999960674
56 999960720
34 999960776
80 999960810
64 999960890
72 999960954
59 999961026
82 999961085
65 999961167
99 999961232
42 999961331
55 999961373
16 999961428
87 999961444
90 999961531
70 999961621
86 999961691
77 999961777
46 999961854
44 999961900
40 999961944
82 999961984
66 999962066
59 999962132
90 999962191
89 999962281
16 999962370
57 999962386
84 999962443
95 999962527
2 999962622
22 999962624
78 999962646
6 999962724
23 999962730
77 999962753
9 999962830
27 999962839
83 999962866
43 999962949
94 999962992
15 999963086
65 999963101
53 999963166
58 999963219
88 999963277
24 999963365
35 999963389
15 999963424
22 999963439
55 999963461
21 999963516
47 999963537
18 999963584
37 999963602
28 999963639
69 999963667
84 999963736
29 999963820
57 999963849
41 999963906
36 999963947
80 999963983
76 999964063
85 999964139
16 999964224
88 999964240
64 999964328
18 999964392
42 999964410
58 999964452
35 999964510
76 999964545
82 999964621
36 999964703
54 999964739
58 999964793
90 999964851
53 999964941
80 999964994
33 999965074
26 999965107
23 999965133
100 999965156
93 999965256
38 999965349
96 999965387
38 999965483
66 999965521
39 999965587
5 999965626
53 999965631
61 999965684
96 999965745
53 999965841
51 999965894
59 999965945
87 999966004
50 999966091
11 999966141
14 999966152
73 999966166
65 999966239
84 999966304
78 999966388
11 999966466
4 999966477
12 999966481
57 999966493
91 999966550
20 999966641
99 999966661
51 999966760
82 999966811
31 999966893
20 999966924
98 999966944
91 999967042
40 999967133
92 999967173
21 999967265
33 999967286
84 999967319
49 999967403
64 999967452
60 999967516
69 999967576
49 999967645
40 999967694
79 999967734
94 999967813
62 999967907
15 999967969
30 999967984
17 999968014
45 999968031
34 999968076
52 999968110
57 999968162
88 999968219
85 999968307
14 999968392
100 999968406
22 999968506
21 999968528
78 999968549
31 999968627
25 999968658
40 999968683
24 999968723
41 999968747
4 999968788
9 999968792
95 999968801
100 999968896
5 999968996
91 999969001
96 999969092
70 999969188
41 999969258
37 999969299
14 999969336
81 999969350
50 999969431
3 999969481
44 999969484
41 999969528
46 999969569
13 999969615
29 999969628
66 999969657
95 999969723
60 999969818
76 999969878
97 999969954
43 999970051
95 999970094
87 999970189
78 999970276
78 999970354
50 999970432
20 999970482
42 999970502
57 999970544
46 999970601
77 999970647
10 999970724
30 999970734
22 999970764
85 999970786
83 999970871
21 999970954
67 999970975
52 999971042
92 999971094
54 999971186
92 999971240
5 999971332
84 999971337
95 999971421
58 999971516
73 999971574
27 999971647
94 999971674
41 999971768
55 999971809
75 999971864
39 999971939
68 999971978
36 999972046
45 999972082
48 999972127
95 999972175
81 999972270
22 999972351
92 999972373
11 999972465
85 999972476
44 999972561
67 999972605
95 999972672
66 999972767
45 999972833
9 999972878
55 999972887
3 999972942
41 999972945
93 999972986
98 999973079
54 999973177
58 999973231
51 999973289
92 999973340
46 999973432
45 999973478
52 999973523
50 999973575
69 999973625
40 999973694
26 999973734
58 999973760
98 999973818
92 999973916
80 999974008
51 999974088
73 999974139
40 999974212
41 999974252
78 999974293
16 999974371
88 999974387
26 999974475
65 999974501
66 999974566
30 999974632
79 999974662
47 999974741
100 999974788
56 999974888
79 999974944
77 999975023
20 999975100
29 999975120
36 999975149
16 999975185
16 999975201
53 999975217
44 999975270
39 999975314
93 999975353
88 999975446
19 999975534
9 999975553
99 999975562
36 999975661
94 999975697
37 999975791
65 999975828
21 999975893
17 999975914
15 999975931
74 999975946
73 999976020
69 999976093
43 999976162
74 999976205
44 999976279
34 999976323
3 999976357
86 999976360
56 999976446
27 999976502
67 999976529
10 999976596
14 999976606
25 999976620
21 999976645
40 999976666
31 999976706
89 999976737
84 999976826
84 999976910
45 999976994
92 999977039
96 999977131
69 999977227
77 999977296
62 999977373
42 999977435
63 999977477
60 999977540
84 999977600
88 999977684
73 999977772
3 999977845
73 999977848
17 999977921
32 999977938
28 999977970
12 999977998
22 999978010
47 999978032
5 999978079
83 999978084
27 999978167
56 999978194
20 999978250
59 999978270
16 999978329
42 999978345
79 999978387
54 999978466
26 999978520
84 999978546
81 999978630
25 999978711
35 999978736
47 999978771
8 999978818
9 999978826
27 999978835
21 999978862
96 999978883
46 999978979
70 999979025
28 999979095
67 999979123
3 999979190
2 999979193
98 999979195
72 999979293
96 999979365
95 999979461
2 999979556
60 999979558
66 999979618
92 999979684
43 999979776
26 999979819
80 999979845
10 999979925
37 999979935
30 999979972
32 999980002
61 999980034
42 999980095
80 999980137
47 999980217
54 999980264
2 999980318
1 999980320
40 999980321
37 999980361
69 999980398
18 999980467
41 999980485
3 999980526
54 999980529
67 999980583
16 999980650
45 999980666
43 999980711
46 999980754
69 999980800
13 999980869
41 999980882
73 999980923
34 999980996
60 999981030
69 999981090
38 999981159
99 999981197
76 999981296
6 999981372
70 999981378
85 999981448
80 999981533
6 999981613
29 999981619
65 999981648
31 999981713
79 999981744
59 999981823
90 999981882
17 999981972
99 999981989
74 999982088
90 999982162
74 999982252
82 999982326
54 999982408
55 999982462
33 999982517
19 999982550
30 999982569
1 999982599
22 999982600
16 999982622
93 999982638
92 999982731
48 999982823
3 999982871
21 999982874
74 999982895
39 999982969
79 999983008
17 999983087
32 999983104
3 999983136
95 999983139
5 999983234
51 999983239
84 999983290
1 999983374
52 999983375
2 999983427
56 999983429
21 999983485
88 999983506
14 999983594
92 999983608
12 999983700
45 999983712
51 999983757
6 999983808
51 999983814
26 999983865
6 999983891
51 999983897
8 999983948
9 999983956
69 999983965
44 999984034
39 999984078
66 999984117
22 999984183
74 999984205
91 999984279
88 999984370
89 999984458
77 999984547
85 999984624
97 999984709
21 999984806
32 999984827
29 999984859
83 999984888
3 999984971
90 999984974
85 999985064
7 999985149
88 999985156
19 999985244
74 999985263
60 999985337
68 999985397
70 999985465
23 999985535
59 999985558
7 999985617
32 999985624
9 999985656
95 999985665
75 999985760
100 999985835
66 999985935
17 999986001
58 999986018
78 999986076
37 999986154
23 999986191
80 999986214
8 999986294
2 999986302
9 999986304
5 999986313
69 999986318
96 999986387
24 999986483
21 999986507
7 999986528
28 999986535
97 999986563
10 999986660
13 999986670
65 999986683
64 999986748
34 999986812
76 999986846
83 999986922
45 999987005
10 999987050
68 999987060
10 999987128
9 999987138
76 999987147
53 999987223
28 999987276
64 999987304
44 999987368
93 999987412
81 999987505
20 999987586
24 999987606
10 999987630
20 999987640
87 999987660
12 999987747
4 999987759
33 999987763
23 999987796
32 999987819
4 999987851
18 999987855
91 999987873
30 999987964
95 999987994
7 999988089
94 999988096
82 999988190
73 999988272
14 999988345
53 999988359
9 999988412
78 999988421
17 999988499
31 999988516
7 999988547
23 999988554
33 999988577
70 999988610
15 999988680
33 999988695
37 999988728
83 999988765
36 999988848
54 999988884
22 999988938
18 999988960
67 999988978
12 999989045
46 999989057
6 999989103
9 999989109
13 999989118
54 999989131
4 999989185
3 999989189
90 999989192
44 999989282
24 999989326
56 999989350
31 999989406
82 999989437
83 999989519
37 999989602
39 999989639
62 999989678
93 999989740
24 999989833
39 999989857
67 999989896
79 999989963
12 999990042
13 999990054
58 999990067
14 999990125
23 999990139
32 999990162
22 999990194
1 999990216
9 999990217
54 999990226
4 999990280
32 999990284
100 999990316
7 999990416
90 999990423
87 999990513
27 999990600
1 999990627
10 999990628
23 999990638
25 999990661
92 999990686
41 999990778
52 999990819
5 999990871
21 999990876
20 999990897
99 999990917
64 999991016
88 999991080
45 999991168
93 999991213
30 999991306
22 999991336
38 999991358
89 999991396
82 999991485
37 999991567
45 999991604
94 999991649
1 999991743
100 999991744
58 999991844
7 999991902
31 999991909
48 999991940
15 999991988
34 999992003
15 999992037
45 999992052
50 999992097
79 999992147
56 999992226
57 999992282
88 999992339
27 999992427
36 999992454
83 999992490
8 999992573
44 999992581
29 999992625
71 999992654
16 999992725
61 999992741
83 999992802
34 999992885
30 999992919
76 999992949
100 999993025
90 999993125
33 999993215
58 999993248
86 999993306
94 999993392
96 999993486
87 999993582
34 999993669
96 999993703
20 999993799
13 999993819
22 999993832
58 999993854
71 999993912
18 999993983
85 999994001
6 999994086
61 999994092
75 999994153
27 999994228
30 999994255
18 999994285
47 999994303
13 999994350
35 999994363
63 999994398
14 999994461
81 999994475
37 999994556
4 999994593
74 999994597
65 999994671
69 999994736
82 999994805
6 999994887
78 999994893
81 999994971
4 999995052
38 999995056
16 999995094
4 999995110
23 999995114
39 999995137
18 999995176
17 999995194
57 999995211
68 999995268
37 999995336
15 999995373
90 999995388
46 999995478
79 999995524
86 999995603
50 999995689
8 999995739
80 999995747
17 999995827
98 999995844
95 999995942
84 999996037
22 999996121
3 999996143
52 999996146
96 999996198
83 999996294
40 999996377
50 999996417
82 999996467
46 999996549
91 999996595
13 999996686
16 999996699
43 999996715
55 999996758
97 999996813
4 999996910
100 999996914
5 999997014
30 999997019
37 999997049
89 999997086
90 999997175
23 999997265
93 999997288
82 999997381
1 999997463
4 999997464
35 999997468
60 999997503
79 999997563
42 999997642
3 999997684
72 999997687
41 999997759
6 999997800
28 999997806
56 999997834
42 999997890
13 999997932
60 999997945
3 999998005
36 999998008
32 999998044
4 999998076
62 999998080
41 999998142
49 999998183
90 999998232
47 999998322
67 999998369
19 999998436
37 999998455
93 999998492
45 999998585
100 999998630
40 999998730
67 999998770
40 999998837
3 999998877
67 999998880
36 999998947
66 999998983
44 999999049
66 999999093
76 999999159
12 999999235
1 999999247
44 999999248
67 999999292
51 999999359
9 999999410
98 999999419
84 999999517
56 999999601
67 999999657
15 999999724
16 999999739
22 999999755
13 999999777
95 999999790
6 999999885
74 999999891
1 999999965
31 999999966
3 999999997
