1884
1 1
2 2
4 2
4 4
8 4
8 8
16 8
16 16
32 16
32 32
64 32
64 64
128 64
128 128
256 128
256 256
512 256
512 512
1024 512
1024 1024
2048 1024
2048 2048
4096 2048
4096 4096
8192 4096
8192 8192
16384 8192
16384 16384
32768 16384
32768 32768
65536 32768
65536 65536
131072 65536
131072 131072
262144 131072
262144 262144
524288 262144
524288 524288
1048576 524288
1048576 1048576
2097152 1048576
2097152 2097152
4194304 2097152
4194304 4194304
8388608 4194304
8388608 8388608
16777216 8388608
16777216 16777216
33554432 16777216
33554432 33554432
67108864 33554432
67108864 67108864
134217728 67108864
134217728 134217728
268435456 134217728
268435456 268435456
536870912 268435456
805306368 134217728
939524096 50331648
989855744 8388608
998244352 1572864
999817216 131072
999948288 1536
999949824 256
999950080 16
999950096 6
999950102 16
999950118 2
999950120 1
999950121 64
999950185 8
999950193 64
999950257 12
999950269 1
999950270 32
999950302 4
999950306 1
999950307 64
999950371 12
999950383 2
999950385 1
999950383 16
999950185 256
999950269 192
999950461 16
999950477 1
999950478 6
999950484 32
999950516 4
999950520 1
999950521 8
999950516 64
999950580 64
999950644 16
999950660 6
999950666 64
999950730 6
999950736 96
999950832 2
999950834 32
999950866 8
999950874 2
999950876 48
999950924 6
999950930 1
999950924 32
999950930 48
999950978 32
999951010 6
999951016 1
999951017 12
999951029 2
999951031 4
999951035 1
999951036 16
999951052 2
999951054 64
999951118 12
999951130 2
999951132 1
999951133 64
999951197 8
999951205 1
999951031 192
999951223 48
999951271 6
999950302 1024
999951223 128
999951351 48
999951399 8
999951407 1
999951052 384
999951436 64
999951500 24
999951524 6
999951530 1
999951531 16
999951547 2
999951549 1
999951550 64
999951614 8
999951622 2
999951130 512
999950660 1024
999951642 64
999951706 96
999951624 256
999951880 6
999951547 384
999951931 12
999951943 2
999951945 1
999951946 64
999952010 16
999952026 6
999952032 1
999950580 1536
999952116 64
999952180 12
999952192 1
999952193 64
999952257 24
999950307 2048
999950876 1536
999952412 1
999952413 64
999952477 16
999952493 4
999952497 64
999952561 2
999952563 48
999952611 6
999952617 1
999952618 32
999952650 8
999952658 2
999951931 768
999952699 64
999952763 1
999952764 8
999952772 2
999952774 64
999952838 24
999952862 4
999952866 48
999952914 4
999952918 1
999952919 64
999952983 8
999952914 128
999953042 48
999953090 1
999953091 48
999953139 2
999953141 1
999953142 64
999953206 16
999953222 6
999953228 64
999953292 16
999953308 4
999953312 32
999953344 12
999953356 2
999953358 32
999953390 4
999953344 96
999952493 1024
999953517 64
999953581 24
999953605 2
999953308 384
999952991 768
999953759 64
999953823 24
999953847 4
999953851 64
999953915 16
999953931 4
999953935 64
999953999 24
999954023 2
999954025 1
999954026 16
999954042 6
999954048 32
999954080 4
999954084 1
999954085 96
999954181 2
999954026 256
999954282 6
999954288 64
999954352 8
999954360 1
999954360 24
999954384 32
999954416 1
999954417 32
999954416 128
999954544 64
999954608 24
999954632 2
999954634 1
999954608 64
999954672 64
999954736 16
999954752 4
999954756 1
999954757 48
999954805 2
999954807 1
999954449 384
999954833 32
999954865 2
999954867 1
999954867 32
999954899 64
999954963 2
999954965 12
999954977 1
999954635 384
999954963 128
999955091 64
999955155 1
999955156 64
999955220 24
999955244 2
999955246 48
999955294 12
999955306 2
999955308 1
999955220 128
999955348 64
999955412 16
999955428 1
999955306 192
999955498 6
999955504 1
999954805 768
999955573 2
999955575 16
999955591 1
999955592 64
999955656 8
999955664 2
999955573 96
999955669 64
999955733 12
999955745 2
999955747 48
999955795 4
999955799 1
999955800 64
999955864 4
999955575 384
999955959 32
999955991 2
999955993 96
999956089 24
999956113 4
999956117 1
999956118 96
999956214 64
999956278 8
999956286 1
999956286 12
999955993 384
999956377 48
999956425 6
999956431 12
999956443 2
999956445 4
999955505 1024
999956529 24
999956553 4
999956557 6
999956563 1
999956553 64
999956617 64
999956681 12
999956693 1
999956694 12
999956694 32
999956726 64
999956790 2
999955306 1536
999956842 64
999956906 24
999956930 48
999956978 12
999956990 64
999957054 8
999957062 1
999957063 32
999957095 12
999957062 64
999957126 64
999957190 16
999957206 2
999957208 1
999957209 16
999957225 4
999957229 16
999957245 4
999957249 1
999951205 6144
999957349 48
999957397 4
999957401 1
999957397 48
999957445 16
999957461 64
999957525 12
999957537 48
999957585 12
999957597 2
999957599 1
999957600 32
999957632 8
999957640 2
999957642 1
999957643 6
999957643 32
999956681 1024
999957705 24
999957729 4
999957733 1
999957734 32
999957766 8
999957774 1
999957774 96
999957401 512
999957734 192
999956990 1024
999958014 64
999958078 2
999958080 64
999958144 24
999958168 4
999958172 1
999958173 64
999958237 6
999958243 1
999950120 8192
999958312 8
999958320 64
999958384 6
999958390 24
999958414 4
999958418 1
999958419 64
999958483 4
999958312 256
999958568 64
999958632 8
999958640 2
999958640 32
999958487 256
999958743 2
999958745 1
999958746 64
999958810 6
999954808 4096
999958904 64
999958968 24
999958992 6
999958568 512
999959080 64
999959144 16
999959160 2
999959162 1
999951052 8192
999959244 64
999959308 16
999959324 2
999959326 1
999959326 24
999959350 24
999959374 4
999959378 1
999959379 48
999959427 8
999959435 2
999959437 16
999959453 4
999959453 24
999956443 3072
999959453 96
999958816 768
999959584 64
999959648 12
999959660 2
999959662 1
999959648 96
999959744 48
999959792 2
999959794 1
999959795 64
999959859 8
999959867 2
999959869 1
999959792 96
999959888 48
999959936 12
999959663 384
999960047 64
999960111 16
999960127 6
999960133 24
999959160 1024
999960184 64
999960248 16
999960264 6
999960270 64
999960334 8
999960342 2
999960344 1
999960345 64
999960409 64
999960473 4
999960477 1
999960478 64
999960542 16
999960477 96
999960573 64
999960637 8
999960645 2
999960647 24
999960671 2
999960673 1
999958672 2048
999960264 512
999952618 8192
999960810 64
999960874 16
999960890 64
999956930 4096
999960573 512
999961085 64
999961149 16
999961165 2
999960720 512
999959795 1536
999961331 32
999961363 8
999961371 2
999961373 48
999961421 6
999961427 1
999961428 16
999961444 64
999961508 16
999961524 6
999961530 1
999957525 4096
999961621 64
999961685 6
999961691 64
999961755 16
999961771 6
999961777 64
999961841 12
999961853 1
999961854 32
999961886 12
999961898 2
999955800 6144
999959936 2048
999961984 64
999962048 16
999962064 2
999962066 64
999962130 2
999961167 1024
999962191 64
999962255 24
999962279 2
999962281 64
999962345 24
999962369 1
999962370 16
999962386 48
999962434 8
999962442 1
999962443 64
999962507 16
999962523 4
999961854 768
999962622 2
999962622 24
999962646 64
999962710 12
999962722 2
999962724 6
999962369 384
999962753 64
999962817 12
999962829 1
999958743 4096
999959794 3072
999954757 8192
999962949 32
999962981 8
999962989 2
999962991 1
999962830 256
999963086 12
999963098 2
999963100 1
999963101 64
999963165 1
999950931 12288
999963219 48
999963267 8
999963275 2
999962981 384
999963365 24
999963389 32
999963421 2
999963423 1
999963423 16
999963365 96
999963461 48
999963509 6
999963515 1
999963516 16
999963532 4
999963536 1
999963536 48
999962066 1536
999951351 12288
999963639 24
999963663 4
999963667 64
999963731 4
999963735 1
999963736 64
999963800 16
999963816 4
999957705 6144
999962370 1536
999963906 32
999963938 8
999963946 1
999963947 32
999963979 4
999962527 1536
999963947 192
999958080 6144
999964224 16
999963816 512
999964328 64
999964392 16
999964408 2
999964410 32
999964442 8
999964450 2
999964452 48
999964500 8
999964508 2
999952257 12288
999964545 64
999964609 12
999964621 64
999964685 16
999964701 2
999964703 32
999964735 4
999964739 48
999964787 6
999964787 64
999964685 256
999964941 48
999964989 4
999964993 1
999964994 64
999965058 16
999964851 256
999964941 192
999965133 16
999965149 6
999965155 1
999965156 96
999965252 4
999965256 64
999965320 24
999965344 4
999965348 1
999965349 32
999965381 6
999965387 96
999965483 32
999965515 6
999965521 64
999965585 2
999961530 4096
999965626 4
999965630 1
999965631 48
999965679 4
999965683 1
999965684 48
999965732 12
999965744 1
999965745 96
999965841 48
999965889 4
999965893 1
999965894 48
999965942 2
999965944 1
999965945 48
999965993 8
999966001 2
999966003 1
999966004 64
999966068 16
999966084 6
999966090 1
999966091 48
999966139 2
999966141 8
999966149 2
999966151 1
999966152 12
999966164 2
999964703 1536
999966239 64
999966303 1
999966004 384
999962370 4096
999964941 1536
999966477 4
999966481 12
999966166 384
999950257 16384
999966149 512
999958568 8192
999966760 48
999966808 2
999966810 1
999966811 64
999966875 16
999966891 2
999966893 24
999966917 6
999966923 1
999966924 16
999966940 4
999964994 2048
999967042 64
999967106 24
999967130 2
999967132 1
999966917 256
999954977 12288
999967265 16
999967281 4
999967285 1
999967286 32
999967318 1
999966891 512
999966940 512
999967452 64
999966808 768
999967133 512
999967645 48
999967693 1
999967694 32
999967726 8
999967734 64
999967798 12
999967810 2
999967812 1
999967813 64
999967877 24
999967901 6
999967907 48
999967955 12
999967967 2
999959792 8192
999967984 24
999968008 6
999967967 64
999968031 32
999968063 12
999968075 1
999968014 96
999968110 48
999968158 4
999968162 48
999968210 8
999968218 1
999968219 64
999968283 24
999968008 384
999956118 12288
999964410 4096
999968506 16
999968522 6
999968528 16
999968544 4
999968548 1
999968549 64
999968613 12
999968625 2
999968627 24
999968651 6
999968657 1
999968651 32
999968627 96
999968723 24
999968747 32
999968779 8
999968787 1
999968788 4
999967265 1536
999968801 64
999968865 24
999968889 6
999968895 1
999968896 96
999968992 4
999952617 16384
999968996 96
999969092 96
999969188 64
999969252 6
999968787 512
999969299 32
999969331 4
999969335 1
999957062 12288
999969335 96
999969431 48
999969479 2
999969481 2
999969483 1
999969336 192
999968801 768
999969569 32
999969601 12
999969613 2
999969615 12
999969627 1
999968889 768
999969627 96
999969723 64
999969787 24
999969811 6
999969817 1
999969818 48
999969866 12
999969878 64
999969942 12
999969954 96
999970050 1
999970051 32
999970083 8
999970091 2
999970093 1
999970093 96
999969252 1024
999970276 64
999970340 12
999970352 2
999968896 1536
999970354 128
999970482 16
999970498 4
999970352 192
999970544 48
999970592 8
999970600 1
999970601 32
999970633 12
999970645 2
999970340 384
999970724 8
999970732 2
999970732 32
999970764 16
999970780 6
999969335 1536
999970871 64
999970935 16
999970951 2
999970953 1
999970951 24
999970786 256
999971042 48
999971090 4
999971090 96
999971186 48
999971234 6
999971240 64
999971304 24
999971328 4
999970953 384
999971337 64
999971401 16
999971417 4
999971421 64
999971485 24
999971509 6
999971515 1
999971516 48
999971564 8
999971572 2
999971574 64
999971638 8
999971646 1
999971647 24
999971671 2
999971673 1
999971674 64
999971738 24
999971762 6
999971768 32
999971800 8
999971808 1
999971800 64
999971864 64
999971928 8
999971936 2
999971938 1
999970954 1024
999971978 64
999972042 4
999959794 12288
999968031 4096
999972127 48
999970734 1536
999972270 64
999972334 16
999972350 1
999972351 16
999972367 6
999972373 64
999972437 24
999972461 4
999972465 8
999972473 2
999972475 1
999972465 96
999972561 32
999972593 12
999972605 64
999972669 2
999972671 1
999972671 96
999971809 1024
999972833 32
999972865 12
999972877 1
999972878 8
999972886 1
999972878 64
999972561 384
999972945 32
999972977 8
999972985 1
999972887 192
999972985 192
999973177 48
999973225 6
999973225 64
999973289 48
999973337 2
999973339 1
999969336 4096
999973432 32
999973464 12
999973476 2
999973478 32
999973510 12
999973522 1
999969479 4096
999973575 48
999973623 2
999971646 2048
999973478 256
999973734 24
999973758 2
999965626 8192
999973818 96
999973914 2
999973916 64
999973980 24
999974004 4
999974008 64
999974072 16
999974088 48
999974136 2
999974138 1
999974139 64
999974203 8
999974211 1
999974212 32
999974244 8
999974252 32
999974284 8
999974292 1
999974293 64
999974357 12
999974369 2
999974371 16
999974387 64
999974451 24
999974475 24
999974499 2
999974501 64
999974565 1
999974566 64
999974630 2
999974630 32
999974357 384
999974741 32
999974773 12
999974785 2
999974787 1
999974632 256
999974888 48
999974936 8
999974944 64
999975008 12
999975020 2
999975022 1
999975023 64
999975087 12
999975099 1
999975100 16
999975116 4
999975120 24
999975144 4
999975148 1
999975149 32
999975181 4
999975185 16
999975201 16
999973734 1536
999975270 32
999975302 12
999975314 32
999975346 6
999975352 1
999975353 64
999975417 24
999975441 4
999975445 1
999975022 512
999974785 768
999975553 8
999975561 1
999975149 512
999975441 256
999975023 768
999974292 1536
999974357 1536
999975893 16
999975909 4
999975913 1
999969787 6144
999975914 32
999975828 192
999967901 8192
999976093 64
999976157 4
999976161 1
999976157 48
999976205 64
999976269 8
999976277 2
999974787 1536
999976323 32
999976355 2
999976357 2
999976359 1
999972350 4096
999976446 48
999976494 8
999976502 24
999976526 2
999976528 1
999975828 768
999976596 8
999976604 2
999976604 16
999976620 24
999976644 1
999976645 16
999976661 4
999976665 1
999976666 32
999976698 8
999975201 1536
999976698 128
999976526 384
999976910 64
999976974 16
999976990 4
999976994 32
999977026 12
999977038 1
999977039 64
999977103 24
999977127 4
999977131 96
999976528 768
999977296 64
999977360 12
999977372 1
999973339 4096
999977435 32
999977467 8
999977475 2
999965252 12288
999977540 48
999977588 12
999977588 96
999977684 64
999977748 24
999974773 3072
999977845 2
999977847 1
999977848 64
999977912 8
999977920 1
999977921 16
999977937 1
999977938 32
999976974 1024
999977998 12
999965744 12288
999978032 32
999978064 12
999978076 2
999978078 1
999978078 6
999978084 64
999978148 16
999978164 2
999978166 1
999977938 256
999978194 48
999978242 8
999978078 192
999978270 48
999978318 8
999978326 2
999978328 1
999978329 16
999978345 32
999978377 8
999978385 2
999978387 64
999978451 12
999978463 2
999978465 1
999978328 192
999970354 8192
999978546 64
999978610 16
999978626 4
999978630 64
999978694 16
999978710 1
999970544 8192
999978387 384
999978626 192
999978818 8
999978771 64
999978835 24
999978859 2
999978861 1
999978859 24
999978883 96
999954449 24576
999978711 384
999979095 24
999979119 4
999978166 1024
999979190 2
999979192 1
999979193 2
999979195 96
999979291 2
999962981 16384
999979365 96
999979461 64
999979525 24
999979549 6
999979555 1
999979556 2
999979558 48
999979606 12
999979556 128
999979684 64
999979748 24
999979772 4
999979776 32
999979808 8
999979816 2
999979818 1
999979461 384
999979845 64
999979909 16
999979925 8
999979933 2
999979935 32
999979967 4
999979971 1
999979618 384
999980002 32
999979967 128
999980095 32
999980127 8
999980135 2
999979193 1024
999980217 32
999980249 12
999980261 2
999980263 1
999978270 2048
999980318 2
999955745 24576
999980321 32
999980353 8
999978862 1536
999980398 64
999980462 4
999980466 1
999979461 1024
999980462 64
999980526 2
999980528 1
999980529 48
999980577 6
999980583 64
999980647 2
999980649 1
999980650 16
999980647 64
999980711 32
999980743 8
999980751 2
999980753 1
999979776 1024
999980485 384
999980754 128
999980882 32
999980914 8
999980922 1
999979972 1024
999980996 32
999981028 2
999976994 4096
999980647 512
999981159 32
999981191 6
999980528 768
999981296 64
999981360 12
999981372 6
999981378 64
999981442 6
999965149 16384
999981533 64
999981597 16
999981613 6
999981619 24
999981643 4
999981647 1
999981648 64
999981712 1
999981712 32
999981744 64
999981808 12
999981820 2
999981822 1
999981823 48
999981871 8
999981879 2
999981881 1
999975828 6144
999981972 16
999981988 1
999981989 96
999982085 2
999982087 1
999982088 64
999982152 8
999982160 2
999982162 64
999982226 24
999982250 2
999965942 16384
999982152 256
999982408 48
999982456 6
999982462 48
999982510 6
999982516 1
999966166 16384
999982550 16
999982566 2
999982568 1
999982087 512
999982568 32
999982600 16
999982616 6
999982622 16
999982638 64
999982702 24
999982726 4
999982730 1
999982731 64
999982795 24
999982819 4
999982823 48
999982871 2
999982873 1
999982871 24
999982873 96
999982969 32
999983001 6
999983007 1
999982895 192
999983008 96
999983104 32
999950371 32768
999983139 64
999983203 24
999983227 6
999983233 1
999983233 6
999983239 48
999983287 2
999983289 1
999983290 64
999983354 16
999983370 4
999983374 1
999983375 48
999983423 4
999983427 2
999983429 48
999983477 8
999975314 8192
999983506 64
999983570 24
999983594 12
999983606 2
999983608 64
999983672 24
999983696 4
999983700 12
999983712 32
999983744 12
999983756 1
999983744 64
999983808 6
999983814 48
999983862 2
999983864 1
999983865 24
999983889 2
999983891 6
999983756 192
999983948 8
999951197 32768
999983965 64
999984029 4
999984033 1
999967694 16384
999984078 32
999984110 6
999984116 1
999984117 64
999984181 2
999984181 24
999984183 96
999972082 12288
999984370 64
999984434 24
999976355 8192
999980528 4096
999960133 24576
999984709 96
999984805 1
999984806 16
999984822 4
999984826 1
999984827 32
999983864 1024
999984888 64
999984952 16
999984968 2
999984970 1
999984970 4
999984968 96
999960573 24576
999985149 6
999985155 1
999985156 64
999985220 24
999979119 6144
999983289 2048
999985337 48
999985385 12
999985337 128
999985465 64
999985529 6
999985535 16
999985551 6
999985557 1
999985558 48
999985606 8
999985614 2
999985616 1
999985616 8
999985624 32
999985617 48
999983712 2048
999985760 64
999985824 8
999985832 2
999985834 1
999985551 384
999985617 384
999986001 16
999986017 1
999953308 32768
999986076 64
999986140 12
999986152 2
999985935 256
999986191 16
999986207 6
999986213 1
999986214 64
999986278 16
999986294 8
999986302 2
999986304 8
999986312 1
999986312 6
999986318 64
999986382 4
999986386 1
999986387 96
999986483 24
999985760 768
999986528 6
999986534 1
999986535 24
999986559 4
999970276 16384
999980526 6144
999953915 32768
999986683 64
999986747 1
999986748 64
999986812 32
999986844 2
999986154 768
999986922 64
999986986 16
999987002 2
999987004 1
999987002 48
999987050 8
999987058 2
999954360 32768
999987128 8
999987136 2
999987138 8
999987146 1
999987147 64
999987211 12
999987223 48
999987271 4
999987275 1
999987276 24
999987300 4
999987304 64
999987368 32
999987400 12
999975217 12288
999981442 6144
999985558 2048
999987606 24
999987128 512
999987276 384
999979555 8192
999987747 12
999987759 4
999987412 384
999987796 16
999987812 6
999987818 1
999987819 32
999987851 4
999987855 16
999987871 2
999981820 6144
999987964 24
999987988 6
999987994 64
999988058 24
999988082 6
999988088 1
999988088 8
999988096 64
999988160 24
999988184 6
999955504 32768
999988089 256
999955591 32768
999988359 48
999988407 4
999988411 1
999988412 8
999988420 1
999988421 64
999988485 12
999988497 2
999988420 96
999988499 48
999984458 4096
999988554 16
999988570 6
999988576 1
999987586 1024
999988610 64
999988674 6
999988680 12
999988692 2
999988694 1
999988680 48
999988728 32
999988760 4
999988764 1
999988765 64
999988829 16
999988845 2
999988847 1
999988692 192
999988554 384
999988576 384
999988960 16
999988976 2
999988978 64
999989042 2
999989044 1
999989045 12
999988847 256
999989103 6
999989109 8
999989117 1
999989118 12
999989130 1
999989057 128
999989185 4
999988680 512
999981090 8192
999977038 12288
999989326 24
999989350 48
999989398 8
999989406 24
999989430 6
999989436 1
999983375 6144
999989519 64
999989583 16
999989599 2
999989601 1
999989602 32
999989634 4
999989638 1
999987630 2048
999989678 48
999989726 12
999989738 2
999989740 64
999989804 24
999989828 4
999989832 1
999989833 24
999989832 64
999965387 24576
999987994 2048
999990042 12
999990054 12
999990066 1
999990067 48
999990115 8
999990123 2
999990123 16
999990066 96
999990162 32
999989832 384
999989833 384
999990194 32
999990216 64
999990280 4
999990284 32
999990316 96
999990412 4
999984279 6144
999990423 64
999990487 24
999990511 2
999990216 384
999990115 512
999974244 16384
999957870 32768
999990638 16
999990654 6
999990660 1
999990654 32
999990686 64
999990750 24
999990774 4
999990627 192
999990487 384
999990871 4
999990875 1
999990513 384
999990661 256
999974632 16384
999991016 64
999988096 3072
999991168 32
999991200 12
999991212 1
999991213 64
999991277 24
999991301 4
999991305 1
999991080 256
999991336 16
999991352 6
999990628 768
999989437 2048
999989519 2048
999991567 32
999991599 4
999991603 1
999989601 2048
999991649 64
999991713 24
999991737 6
999991743 1
999979556 12288
999991844 48
999991892 8
999991900 2
999991902 6
999991908 1
999991908 32
999991940 48
999991988 12
999992000 2
999992002 1
999991909 128
999991988 64
999991713 384
999959379 32768
999984034 8192
999992226 48
999992274 8
999992147 192
999992339 64
999992403 24
999992427 24
999992451 2
999992453 1
999992454 32
999992486 4
999992490 64
999992554 16
999992570 2
999992572 1
999992573 8
999992581 32
999992613 12
999992625 24
999992649 4
999992653 1
999992654 64
999992718 6
999992724 1
999992725 16
999992741 48
999992789 12
999992801 1
999992789 96
999990871 2048
999992885 64
999992949 64
999993013 12
999992741 384
999993125 64
999993189 24
999993213 2
999991200 2048
999992282 1024
999993306 64
999993370 16
999993386 6
999992718 768
999993486 96
999993582 64
999993646 16
999993662 6
999993668 1
999993669 32
999993701 2
999993703 96
999977435 16384
999993819 12
999993831 1
999993662 192
999969336 24576
999993215 768
999981713 12288
999994001 64
999994065 16
999994081 4
999994085 1
999994086 6
999994092 48
999994140 12
999994152 1
999994153 64
999994217 8
999994225 2
999994227 1
999994228 24
999994252 2
999994254 1
999991213 3072
999994255 48
999994254 96
999969787 24576
999994350 48
999994398 48
999994446 12
999994458 2
999994460 1
999992427 2048
999994460 96
999994081 512
999994593 4
999991599 3072
999994671 64
999994735 1
999982517 12288
999982599 12288
999994887 6
999990875 4096
999994971 64
999995035 16
999995051 1
999995052 4
999978710 16384
999995094 16
999995110 4
999962369 32768
999994152 1024
999987002 8192
999962443 32768
999995211 48
999995259 8
999995267 1
999989192 6144
999991277 4096
999995373 12
999995385 2
999995387 1
999995094 384
999995268 256
999995524 64
999995588 12
999995600 2
999995602 1
999994153 1536
999994971 768
999995739 8
999995747 64
999995811 16
999995588 256
999979558 16384
999995942 64
999996006 24
999996030 6
999996036 1
999996037 64
999996101 16
999996117 4
999996121 16
999996137 6
999996143 2
999996145 1
999996006 192
999996198 96
999996121 256
999996377 32
999996409 8
999996417 48
999996465 2
999996037 512
999996467 128
999996595 64
999996659 24
999996683 2
999996685 1
999996683 16
999996699 16
999996715 32
999996747 8
999996755 2
999996757 1
999996685 128
999980526 16384
999996910 4
999996758 256
999994971 2048
999972473 24576
999997049 32
999997081 4
999997085 1
999997086 64
999997150 24
999997174 1
999997175 64
999997239 24
999997263 2
999997265 16
999997281 6
999997287 1
999989189 8192
999972887 24576
999997463 1
999997464 4
999964735 32768
999997503 48
999997551 12
999997563 64
999997627 12
999997639 2
999997641 1
999997642 32
999997674 8
999997682 2
999997639 48
999997503 256
999997288 512
999997800 6
999997642 192
999997834 48
999997882 8
999989740 8192
999996409 1536
999997945 48
999997993 12
999993912 4096
999991900 6144
999998044 32
999998076 4
999998080 48
999998128 12
999998140 2
999998142 32
999998174 8
999998182 1
999997464 768
999998232 64
999998296 24
999998320 2
999998322 32
999998354 12
999998366 2
999998368 1
999998369 64
999998433 2
999998435 1
999997687 768
999997468 1024
999997049 1536
999992486 6144
999998630 96
999998726 4
999998730 32
999998762 8
999998770 64
999998834 2
999998836 1
999998837 32
999998869 8
999998368 512
999998435 512
999994887 4096
999998983 64
999999047 2
999998837 256
999999093 64
999999157 2
999999159 64
999999223 12
999999235 12
999950096 49152
999987004 12288
999993215 6144
999999359 48
999999407 2
999999409 1
999999407 12
999999419 96
999999515 2
999999409 192
999999601 48
999999649 8
999975148 24576
999999724 12
999999736 2
999999738 1
999999739 16
999999649 128
999993646 6144
999996813 3072
999999885 6
999999891 64
999999955 8
999999963 2
999999965 1
999999965 32
999999997 2
999999999 1
536870912 536870912
1073741824 536870912
