1140
1 1
2 2
4 4
8 8
16 16
32 32
64 64
128 128
256 256
512 512
1024 1024
2048 2048
4096 4096
8192 8192
16384 16384
32768 32768
65536 65536
131072 131072
262144 262144
524288 524288
1048576 1048576
2097152 2097152
4194304 4194304
8388608 8388608
16777216 16777216
33554432 33554432
67108864 67108864
134217728 134217728
268435456 268435456
268435456 536870912
134217728 805306368
33554432 939524096
16777216 973078528
8388608 989855744
1048576 998244352
524288 999292928
131072 999817216
1024 999948288
512 999949312
256 999949824
16 999950080
2 4
6 999950096
16 999950102
1 2
3 999950118
8 64
72 999950121
72 999950193
1 4
5 999950265
32 5
37 999950270
72 999950307
1 6
7 999950379
5 8
13 999950386
5 37
42 999950399
4 16
20 999950441
37 999950441
6 999950478
37 999950484
8 999950521
42 999950529
1 8
9 999950571
72 999950580
1 13
14 999950652
6 64
70 999950666
72 999950736
6 20
26 999950808
42 999950834
13 42
55 999950876
5 20
25 999950931
2 20
22 999950956
2 37
39 999950978
14 999951017
5 999951031
37 999951017
7 72
79 999951054
72 999951133
1 999951205
1 16
17 999951206
72 999951205
7 42
49 999951277
128 999951223
2 55
57 999951351
2 26
28 999951408
16 79
95 999951436
2 17
19 999951531
2 72
74 999951550
1 17
18 999951624
42 999951642
64 999951642
1 95
96 999951706
256 999951624
6 999951880
3 42
45 999951886
1 14
15 999951931
8 79
87 999951946
4 79
83 999952033
3 74
77 999952116
1 87
88 999952193
2048 999950307
57 999952355
1 999952412
1 83
84 999952413
2 64
66 999952497
55 999952563
42 999952618
39 999952660
1 64
65 999952699
1 9
10 999952764
4 88
92 999952774
4 49
53 999952866
72 999952919
2 49
51 999952991
49 999953042
51 999953091
2 84
86 999953142
84 999953228
1 45
46 999953312
4 32
36 999953358
128 999953312
77 999953440
2 88
90 999953517
1 84
85 999953607
1 66
67 999953692
92 999953759
84 999953851
1 90
91 999953935
22 999954026
37 999954048
2 96
98 999954085
256 999954026
6 999954282
4096 999950265
96 999954288
1 32
33 999954384
32 999954417
256 999954288
91 999954544
37 999954635
85 999954672
51 999954757
25 999954808
2 33
35 999954833
66 999954833
66 999954899
13 999954965
2 39
41 999954978
72 999955019
65 999955091
90 999955156
6 57
63 999955246
39 999955309
2 79
81 999955348
2 67
69 999955429
7 999955498
1 67
68 999955505
2 999955573
17 999955575
74 999955592
3 999955666
81 999955666
53 999955747
68 999955800
91 999955868
1 33
34 999955959
96 999955993
1 28
29 999956089
96 999956118
1 72
73 999956214
84 999956214
4096 999952281
1 53
54 999956377
14 999956431
4 999956445
1024 999955505
28 999956529
7 999956557
88 999956529
77 999956617
2 10
12 999956694
20 999956706
66 999956726
1 49
50 999956792
88 999956842
3 57
60 999956930
73 999956990
2 42
44 999957063
19 999957107
83 999957126
20 999957209
41 999957209
1 98
99 999957250
53 999957349
96 999957349
16 999957445
92 999957445
63 999957537
1 42
43 999957600
6 999957643
32 999957643
1 29
30 999957675
85 999957649
70 999957705
95 999957775
43 999957870
13 999957913
1024 999956990
66 999958014
1 92
93 999958080
1 70
71 999958173
68 999958244
8 999958312
70 999958320
29 999958390
68 999958419
256 999958312
74 999958568
30 999958642
256 999958487
3 999958743
70 999958746
4096 999954808
1 93
94 999958904
512 999958568
83 999959080
81 999959163
83 999959244
1 22
23 999959327
29 999959350
87 999959350
20 999959437
20 999959457
1 37
38 999959477
72 999959477
35 999959549
79 999959584
81 999959663
51 999959744
1 74
75 999959795
18 999959870
60 999959888
99 999959948
86 999960047
1 23
24 999960133
51 999960133
86 999960184
75 999960270
64 999960345
69 999960409
1 79
80 999960478
1024 999959549
74 999960573
1 26
27 999960647
2048 999958672
1 55
56 999960720
8192 999952618
80 999960810
64 999960890
72 999960954
512 999960573
1 81
82 999961085
512 999960720
99 999961232
42 999961331
55 999961373
16 999961428
87 999961444
90 999961531
70 999961621
86 999961691
77 999961777
46 999961854
90 999961854
84 999961900
82 999961984
66 999962066
1024 999961167
90 999962191
1 88
89 999962281
16 999962370
57 999962386
84 999962443
95 999962527
2 999962622
22 999962624
1 77
78 999962646
6 999962724
29 999962724
77 999962753
9 999962830
36 999962830
8192 999954757
43 999962949
256 999962830
15 999963086
65 999963101
53 999963166
1 57
58 999963219
88 999963277
24 999963365
35 999963389
74 999963365
37 999963424
55 999963461
98 999963439
68 999963516
18 999963584
37 999963602
28 999963639
69 999963667
84 999963736
29 999963820
57 999963849
98 999963849
77 999963906
80 999963983
1 75
76 999964063
85 999964139
16 999964224
88 999964240
64 999964328
18 999964392
42 999964410
58 999964452
35 999964510
76 999964545
82 999964621
36 999964703
90 999964703
58 999964793
90 999964851
53 999964941
80 999964994
256 999964851
512 999964621
49 999965107
1 99
100 999965156
93 999965256
38 999965349
96 999965387
38 999965483
66 999965521
39 999965587
5 999965626
53 999965631
1 60
61 999965684
8192 999957649
53 999965841
51 999965894
1 58
59 999965945
87 999966004
50 999966091
61 999966091
14 999966152
87 999966152
65 999966239
84 999966304
4096 999962370
89 999966388
4 999966477
16 999966477
57 999966493
91 999966550
20 999966641
8192 999958568
51 999966760
82 999966811
1 30
31 999966893
20 999966924
2048 999964994
91 999967042
512 999966661
92 999967173
1 20
21 999967265
33 999967286
84 999967319
49 999967403
64 999967452
60 999967516
512 999967133
49 999967645
89 999967645
79 999967734
94 999967813
1 61
62 999967907
15 999967969
45 999967969
17 999968014
45 999968031
79 999968031
86 999968076
57 999968162
88 999968219
85 999968307
14 999968392
4096 999964410
22 999968506
43 999968506
99 999968528
31 999968627
25 999968658
96 999968627
64 999968683
65 999968723
4 999968788
9 999968792
95 999968801
100 999968896
5 999968996
96 999968996
96 999969092
70 999969188
41 999969258
37 999969299
14 999969336
95 999969336
50 999969431
3 999969481
44 999969484
88 999969481
87 999969528
13 999969615
42 999969615
8192 999961531
95 999969723
60 999969818
76 999969878
1 96
97 999969954
43 999970051
95 999970094
87 999970189
78 999970276
16384 999954048
128 999970354
20 999970482
42 999970502
57 999970544
46 999970601
77 999970647
87 999970647
30 999970734
22 999970764
85 999970786
83 999970871
21 999970954
256 999970786
1 51
52 999971042
92 999971094
54 999971186
92 999971240
5 999971332
84 999971337
95 999971421
58 999971516
73 999971574
27 999971647
94 999971674
41 999971768
55 999971809
75 999971864
1024 999970954
68 999971978
36 999972046
4096 999968031
8192 999963983
95 999972175
81 999972270
22 999972351
92 999972373
1 10
11 999972465
96 999972465
44 999972561
67 999972605
95 999972672
1024 999971809
45 999972833
9 999972878
64 999972878
3 999972942
41 999972945
93 999972986
98 999973079
54 999973177
58 999973231
51 999973289
4096 999969336
46 999973432
45 999973478
97 999973478
50 999973575
69 999973625
256 999973478
26 999973734
8192 999965626
98 999973818
92 999973916
80 999974008
51 999974088
73 999974139
1 39
40 999974212
41 999974252
78 999974293
16 999974371
88 999974387
26 999974475
65 999974501
66 999974566
96 999974566
79 999974662
1 46
47 999974741
256 999974632
56 999974888
79 999974944
77 999975023
20 999975100
49 999975100
65 999975120
16 999975185
16 999975201
53 999975217
44 999975270
39 999975314
93 999975353
88 999975446
19 999975534
9 999975553
512 999975149
512 999975185
94 999975697
37 999975791
65 999975828
86 999975828
17 999975914
32 999975914
74 999975946
73 999976020
69 999976093
43 999976162
74 999976205
44 999976279
34 999976323
3 999976357
86 999976360
56 999976446
83 999976446
67 999976529
77 999976529
14 999976606
25 999976620
70 999976596
86 999976620
92 999976645
89 999976737
84 999976826
84 999976910
45 999976994
92 999977039
96 999977131
69 999977227
77 999977296
62 999977373
42 999977435
63 999977477
60 999977540
84 999977600
88 999977684
73 999977772
3 999977845
73 999977848
17 999977921
32 999977938
28 999977970
72 999977938
22 999978010
81 999977998
5 999978079
83 999978084
256 999977938
83 999978167
20 999978250
79 999978250
16 999978329
42 999978345
79 999978387
54 999978466
8192 999970354
84 999978546
81 999978630
8192 999970544
35 999978736
82 999978736
8 999978818
9 999978826
36 999978826
57 999978826
96 999978883
46 999978979
70 999979025
28 999979095
95 999979095
3 999979190
2 999979193
98 999979195
72 999979293
96 999979365
95 999979461
2 999979556
60 999979558
128 999979556
92 999979684
43 999979776
16384 999963461
80 999979845
10 999979925
37 999979935
77 999979925
32 999980002
93 999980002
42 999980095
1024 999979193
47 999980217
2048 999978270
2 999980318
1 999980320
41 999980320
37 999980361
69 999980398
1024 999979461
128 999980398
3 999980526
57 999980526
67 999980583
16 999980650
128 999980583
88 999980666
1024 999979776
1024 999979845
13 999980869
41 999980882
1024 999979972
34 999980996
4096 999976994
69 999981090
38 999981159
99 999981197
76 999981296
6 999981372
70 999981378
85 999981448
80 999981533
6 999981613
35 999981613
65 999981648
96 999981648
79 999981744
59 999981823
90 999981882
17 999981972
99 999981989
74 999982088
90 999982162
74 999982252
82 999982326
54 999982408
55 999982462
16384 999966166
19 999982550
49 999982550
1 999982599
72 999982550
16 999982622
93 999982638
92 999982731
1 47
48 999982823
3 999982871
72 999982823
95 999982874
39 999982969
79 999983008
17 999983087
32 999983104
3 999983136
95 999983139
5 999983234
51 999983239
84 999983290
1 999983374
53 999983374
2 999983427
56 999983429
8192 999975314
88 999983506
14 999983594
92 999983608
12 999983700
57 999983700
96 999983712
6 999983808
57 999983808
26 999983865
6 999983891
57 999983891
8 999983948
9 999983956
86 999983948
16384 999967694
39 999984078
66 999984117
22 999984183
74 999984205
91 999984279
88 999984370
89 999984458
77 999984547
85 999984624
97 999984709
21 999984806
32 999984827
29 999984859
83 999984888
3 999984971
90 999984974
85 999985064
7 999985149
95 999985149
19 999985244
74 999985263
60 999985337
128 999985337
70 999985465
93 999985465
82 999985535
7 999985617
32 999985624
9 999985656
2048 999983712
75 999985760
100 999985835
66 999985935
17 999986001
75 999986001
78 999986076
37 999986154
60 999986154
80 999986214
8 999986294
2 999986302
9 999986304
5 999986313
74 999986313
96 999986387
24 999986483
45 999986483
7 999986528
28 999986535
16384 999970276
10 999986660
13 999986670
88 999986660
64 999986748
98 999986748
76 999986846
83 999986922
128 999986922
55 999987005
68 999987060
88 999987050
9 999987138
95 999987128
53 999987223
28 999987276
64 999987304
44 999987368
93 999987412
81 999987505
20 999987586
44 999987586
512 999987128
20 999987640
87 999987660
12 999987747
4 999987759
37 999987759
72 999987747
32 999987819
4 999987851
22 999987851
91 999987873
30 999987964
95 999987994
7 999988089
94 999988096
82 999988190
256 999988089
14 999988345
53 999988359
9 999988412
87 999988412
17 999988499
31 999988516
7 999988547
30 999988547
1024 999987586
70 999988610
15 999988680
33 999988695
37 999988728
83 999988765
36 999988848
90 999988848
22 999988938
18 999988960
85 999988960
79 999988978
46 999989057
6 999989103
9 999989109
13 999989118
128 999989057
4 999989185
3 999989189
8192 999981090
16384 999972942
68 999989282
80 999989326
87 999989350
82 999989437
83 999989519
37 999989602
2048 999987630
62 999989678
93 999989740
24 999989833
39 999989857
67 999989896
2048 999987994
91 999989963
13 999990054
83 999990042
14 999990125
37 999990125
32 999990162
1024 999989192
1 999990216
9 999990217
64 999990216
4 999990280
32 999990284
100 999990316
7 999990416
90 999990423
8192 999982408
27 999990600
1 999990627
32768 999957870
33 999990628
25 999990661
92 999990686
41 999990778
93 999990778
5 999990871
26 999990871
20 999990897
16384 999974632
64 999991016
88 999991080
45 999991168
93 999991213
256 999991080
22 999991336
90 999991306
2048 999989437
2048 999989519
37 999991567
45 999991604
94 999991649
1 999991743
100 999991744
58 999991844
7 999991902
96 999991844
79 999991909
15 999991988
128 999991909
64 999991988
45 999992052
32768 999959379
8192 999984034
56 999992226
57 999992282
88 999992339
27 999992427
36 999992454
83 999992490
8 999992573
44 999992581
81 999992573
71 999992654
16 999992725
77 999992725
83 999992802
2048 999990871
64 999992885
76 999992949
100 999993025
90 999993125
33 999993215
1024 999992282
86 999993306
94 999993392
96 999993486
87 999993582
34 999993669
96 999993703
20 999993799
13 999993819
55 999993799
93 999993819
71 999993912
18 999993983
85 999994001
6 999994086
67 999994086
75 999994153
27 999994228
57 999994228
18 999994285
95 999994255
13 999994350
95 999994303
98 999994363
14 999994461
95 999994461
37 999994556
4 999994593
74 999994597
65 999994671
69 999994736
82 999994805
6 999994887
84 999994887
81 999994971
4 999995052
42 999995052
16 999995094
4 999995110
85 999995052
4096 999991080
57 999995137
32768 999962443
57 999995211
68 999995268
37 999995336
15 999995373
90 999995388
256 999995268
79 999995524
86 999995603
50 999995689
8 999995739
88 999995739
17 999995827
16384 999979558
95 999995942
84 999996037
22 999996121
3 999996143
256 999995942
96 999996198
256 999996121
40 999996377
90 999996377
512 999996037
128 999996467
91 999996595
13 999996686
16 999996699
72 999996686
55 999996758
16384 999980526
4 999996910
256 999996758
5 999997014
35 999997014
37 999997049
89 999997086
90 999997175
23 999997265
8192 999989189
82 999997381
1 999997463
4 999997464
39 999997464
95 999997468
79 999997563
42 999997642
3 999997684
72 999997687
512 999997288
6 999997800
28 999997806
84 999997806
42 999997890
13 999997932
73 999997932
3 999998005
39 999998005
32 999998044
4 999998076
66 999998076
41 999998142
49 999998183
90 999998232
47 999998322
67 999998369
19 999998436
37 999998455
93 999998492
45 999998585
100 999998630
40 999998730
67 999998770
40 999998837
3 999998877
70 999998877
4096 999994887
66 999998983
256 999998837
66 999999093
76 999999159
88 999999159
1 999999247
57 999999235
67 999999292
51 999999359
9 999999410
98 999999419
84 999999517
56 999999601
67 999999657
15 999999724
16 999999739
22 999999755
13 999999777
95 999999790
6 999999885
74 999999891
1 999999965
32 999999965
3 999999997
