1142
1 1
2 2
4 4
8 8
16 16
32 32
64 64
128 128
256 256
512 512
1024 1024
2048 2048
4096 4096
8192 8192
16384 16384
32768 32768
65536 65536
131072 131072
262144 262144
524288 524288
1048576 1048576
2097152 2097152
4194304 4194304
8388608 8388608
16777216 16777216
33554432 33554432
67108864 67108864
134217728 134217728
268435456 268435456
2 4
6 16
22 256
278 512
790 1024
1814 131072
132886 524288
657174 1048576
1705750 8388608
10094358 16777216
26871574 33554432
60426006 134217728
194643734 268435456
463079190 536870912
1 2
3 16
19 999950102
8 64
72 999950121
1 4
5 8
13 64
77 999950193
5 32
37 999950270
2 77
79 999950307
13 999950386
5 37
42 999950399
1 19
20 999950441
37 999950441
6 999950478
37 999950484
8 999950521
1 8
9 42
51 999950529
9 77
86 999950580
6 64
70 999950666
4 8
12 86
98 999950736
42 999950834
4 51
55 999950876
3 22
25 999950931
22 999950956
86 999950931
1 13
14 999951017
19 999951017
37 999951017
79 999951054
2 70
72 999951133
1 999951205
1 16
17 999951206
3 51
54 999951223
3 4
7 42
49 999951277
25 999951326
3 54
57 999951351
3 25
28 999951408
9 86
95 999951436
19 999951531
790 999950834
2 16
18 999951624
42 999951642
22 999951684
1 95
96 999951706
256 999951624
6 999951880
51 999951880
2 13
15 999951931
1 86
87 999951946
790 999951326
77 999952116
2 86
88 999952193
2048 999950307
57 999952355
1 999952412
7 77
84 999952413
2 64
66 999952497
1 54
55 999952563
42 999952618
2 37
39 999952660
1 64
65 999952699
2 8
10 999952764
6 86
92 999952774
2 51
53 999952866
72 999952919
51 999952991
49 999953042
51 999953091
86 999953142
84 999953228
4 42
46 999953312
4 32
36 999953358
128 999953312
77 999953440
4 86
90 999953517
8 77
85 999953607
3 64
67 999953692
92 999953759
84 999953851
5 86
91 999953935
22 999954026
37 999954048
98 999954085
256 999954026
6 999954282
3 70
73 999954288
1 22
23 999954361
1 32
33 999954384
32 999954417
95 999954449
91 999954544
37 999954635
85 999954672
51 999954757
25 999954808
3 32
35 999954833
91 999954808
66 999954899
13 999954965
54 999954965
72 999955019
65 999955091
90 999955156
6 57
63 999955246
39 999955309
4 77
81 999955348
2 67
69 999955429
7 999955498
1814 999953759
2 999955573
19 999955573
91 999955575
77 999955592
1 77
78 999955669
53 999955747
1 67
68 999955800
91 999955868
2 32
34 999955959
96 999955993
1 28
29 999956089
96 999956118
73 999956214
3 8
11 999956287
4096 999952281
54 999956377
14 999956431
4 999956445
98 999956431
28 999956529
7 999956557
53 999956564
77 999956617
1 11
12 999956694
32 999956694
86 999956706
278 999956564
88 999956842
3 57
60 999956930
73 999956990
2 42
44 999957063
19 999957107
6 77
83 999957126
20 999957209
2 19
21 999957229
1 98
99 999957250
53 999957349
1 42
43 999957402
16 999957445
92 999957445
63 999957537
43 999957600
49 999957600
32 999957643
2 28
30 999957675
91 999957643
70 999957705
95 999957775
43 999957870
13 999957913
1024 999956990
66 999958014
1 92
93 999958080
1 70
71 999958173
68 999958244
8 999958312
70 999958320
29 999958390
68 999958419
256 999958312
1 73
74 999958568
30 999958642
256 999958487
3 999958743
70 999958746
4096 999954808
2 92
94 999958904
512 999958568
83 999959080
81 999959163
83 999959244
23 999959327
29 999959350
1 57
58 999959379
1814 999957643
98 999959379
1 37
38 999959477
92 999959457
35 999959549
79 999959584
81 999959663
51 999959744
790 999959080
18 999959870
60 999959888
99 999959948
86 999960047
2 22
24 999960133
51 999960133
86 999960184
2 73
75 999960270
64 999960345
69 999960409
3 77
80 999960478
95 999960478
74 999960573
2 25
27 999960647
73 999960647
2 54
56 999960720
8192 999952618
80 999960810
64 999960890
4096 999956930
512 999960573
2 80
82 999961085
278 999960954
99 999961232
42 999961331
55 999961373
16 999961428
87 999961444
90 999961531
70 999961621
86 999961691
77 999961777
46 999961854
44 999961900
3 37
40 999961944
82 999961984
278 999961854
1024 999961167
90 999962191
3 86
89 999962281
16 999962370
57 999962386
1 83
84 999962443
95 999962527
2 999962622
22 999962624
78 999962646
6 999962724
23 999962730
77 999962753
86 999962753
27 999962839
83 999962866
43 999962949
256 999962830
15 999963086
80 999963086
53 999963166
58 999963219
88 999963277
24 999963365
35 999963389
15 999963424
22 999963439
77 999963439
98 999963439
5 42
47 999963537
86 999963516
37 999963602
28 999963639
69 999963667
84 999963736
29 999963820
57 999963849
98 999963849
77 999963906
80 999963983
3 73
76 999964063
2 83
85 999964139
16 999964224
88 999964240
64 999964328
18 999964392
42 999964410
58 999964452
35 999964510
76 999964545
82 999964621
1 35
36 999964703
54 999964739
58 999964793
1 89
90 999964851
53 999964941
80 999964994
256 999964851
512 999964621
49 999965107
2 98
100 999965156
93 999965256
38 999965349
96 999965387
38 999965483
66 999965521
39 999965587
5 999965626
53 999965631
1 60
61 999965684
8192 999957649
53 999965841
51 999965894
2 57
59 999965945
87 999966004
1 49
50 999966091
11 999966141
25 999966141
73 999966166
65 999966239
84 999966304
4096 999962370
11 999966466
4 999966477
16 999966477
57 999966493
91 999966550
20 999966641
8192 999958568
51 999966760
82 999966811
3 28
31 999966893
51 999966893
98 999966944
91 999967042
40 999967133
92 999967173
21 999967265
54 999967265
84 999967319
49 999967403
64 999967452
60 999967516
512 999967133
49 999967645
40 999967694
79 999967734
94 999967813
2 60
62 999967907
77 999967907
30 999967984
47 999967984
92 999967984
34 999968076
86 999968076
57 999968162
1814 999966493
85 999968307
14 999968392
4096 999964410
22 999968506
21 999968528
78 999968549
31 999968627
25 999968658
40 999968683
64 999968683
1 40
41 999968747
4 999968788
13 999968788
95 999968801
100 999968896
278 999968723
91 999969001
96 999969092
70 999969188
41 999969258
37 999969299
51 999969299
95 999969336
50 999969431
3 999969481
47 999969481
41 999969528
46 999969569
13 999969615
42 999969615
95 999969628
95 999969723
60 999969818
76 999969878
2 95
97 999969954
43 999970051
95 999970094
87 999970189
78 999970276
16384 999954048
128 999970354
70 999970432
42 999970502
57 999970544
46 999970601
77 999970647
10 999970724
40 999970724
22 999970764
85 999970786
83 999970871
21 999970954
67 999970975
1 51
52 999971042
92 999971094
54 999971186
92 999971240
5 999971332
89 999971332
95 999971421
58 999971516
73 999971574
27 999971647
1814 999969954
41 999971768
55 999971809
75 999971864
1024 999970954
278 999971768
36 999972046
790 999971337
8192 999963983
95 999972175
1 80
81 999972270
22 999972351
92 999972373
11 999972465
85 999972476
44 999972561
67 999972605
95 999972672
1024 999971809
3 42
45 999972833
54 999972833
64 999972878
67 999972878
41 999972945
93 999972986
98 999973079
54 999973177
58 999973231
51 999973289
92 999973340
1 45
46 999973432
45 999973478
52 999973523
50 999973575
69 999973625
40 999973694
1 25
26 999973734
8192 999965626
98 999973818
92 999973916
80 999974008
51 999974088
73 999974139
40 999974212
41 999974252
78 999974293
16 999974371
88 999974387
26 999974475
91 999974475
66 999974566
30 999974632
79 999974662
47 999974741
256 999974632
56 999974888
79 999974944
77 999975023
20 999975100
49 999975100
36 999975149
16 999975185
16 999975201
53 999975217
44 999975270
83 999975270
93 999975353
88 999975446
19 999975534
28 999975534
512 999975149
512 999975185
94 999975697
37 999975791
65 999975828
86 999975828
17 999975914
32 999975914
89 999975931
73 999976020
69 999976093
43 999976162
74 999976205
44 999976279
34 999976323
37 999976323
86 999976360
56 999976446
83 999976446
67 999976529
77 999976529
91 999976529
25 999976620
60 999976606
40 999976666
31 999976706
89 999976737
84 999976826
84 999976910
45 999976994
92 999977039
96 999977131
69 999977227
77 999977296
790 999976645
42 999977435
63 999977477
60 999977540
84 999977600
88 999977684
73 999977772
76 999977772
73 999977848
17 999977921
32 999977938
28 999977970
40 999977970
22 999978010
47 999978032
86 999977998
83 999978084
256 999977938
83 999978167
76 999978194
59 999978270
16 999978329
42 999978345
79 999978387
54 999978466
80 999978466
84 999978546
790 999977921
25 999978711
35 999978736
47 999978771
8 999978818
64 999978771
91 999978771
57 999978826
96 999978883
46 999978979
70 999979025
28 999979095
67 999979123
70 999979123
2 999979193
98 999979195
72 999979293
96 999979365
95 999979461
2 999979556
60 999979558
128 999979556
92 999979684
43 999979776
16384 999963461
80 999979845
10 999979925
37 999979935
67 999979935
32 999980002
61 999980034
42 999980095
80 999980137
47 999980217
54 999980264
2 999980318
1 999980320
40 999980321
37 999980361
69 999980398
1024 999979461
128 999980398
3 999980526
54 999980529
67 999980583
16 999980650
45 999980666
43 999980711
89 999980711
1024 999979845
13 999980869
54 999980869
73 999980923
34 999980996
60 999981030
69 999981090
38 999981159
99 999981197
76 999981296
16384 999964994
70 999981378
85 999981448
80 999981533
86 999981533
35 999981613
790 999980923
31 999981713
79 999981744
59 999981823
90 999981882
17 999981972
99 999981989
790 999981372
90 999982162
74 999982252
82 999982326
54 999982408
55 999982462
16384 999966166
19 999982550
49 999982550
1 999982599
22 999982600
16 999982622
93 999982638
92 999982731
1 47
48 999982823
51 999982823
21 999982874
95 999982874
39 999982969
79 999983008
17 999983087
32 999983104
35 999983104
95 999983139
5 999983234
51 999983239
84 999983290
1 999983374
1814 999981613
2 999983427
56 999983429
77 999983429
88 999983506
14 999983594
92 999983608
12 999983700
45 999983712
51 999983757
57 999983757
51 999983814
77 999983814
32 999983865
51 999983897
8 999983948
9 999983956
86 999983948
16384 999967694
83 999984034
66 999984117
22 999984183
74 999984205
91 999984279
88 999984370
89 999984458
77 999984547
1814 999982895
97 999984709
21 999984806
32 999984827
29 999984859
83 999984888
86 999984888
90 999984974
85 999985064
7 999985149
95 999985149
19 999985244
790 999984547
60 999985337
128 999985337
70 999985465
23 999985535
790 999984827
7 999985617
32 999985624
9 999985656
95 999985665
75 999985760
100 999985835
66 999985935
83 999985935
58 999986018
78 999986076
37 999986154
60 999986154
80 999986214
8 999986294
2 999986302
11 999986302
16 999986302
83 999986304
96 999986387
24 999986483
45 999986483
7 999986528
28 999986535
16384 999970276
10 999986660
13 999986670
65 999986683
64 999986748
98 999986748
76 999986846
83 999986922
45 999987005
10 999987050
68 999987060
10 999987128
19 999987128
76 999987147
53 999987223
28 999987276
64 999987304
44 999987368
93 999987412
81 999987505
2048 999985558
24 999987606
54 999987586
54 999987606
87 999987660
12 999987747
4 999987759
37 999987759
60 999987759
32 999987819
4 999987851
22 999987851
91 999987873
30 999987964
95 999987994
7 999988089
94 999988096
278 999987994
73 999988272
14 999988345
67 999988345
76 999988345
78 999988421
95 999988421
31 999988516
7 999988547
23 999988554
63 999988547
70 999988610
15 999988680
33 999988695
37 999988728
83 999988765
36 999988848
54 999988884
22 999988938
40 999988938
67 999988978
12 999989045
46 999989057
64 999989045
73 999989045
13 999989118
54 999989131
4 999989185
7 999989185
8192 999981090
16384 999972942
24 999989326
80 999989326
31 999989406
82 999989437
83 999989519
37 999989602
76 999989602
62 999989678
93 999989740
24 999989833
63 999989833
67 999989896
2048 999987994
91 999989963
13 999990054
83 999990042
14 999990125
37 999990125
32 999990162
22 999990194
1 999990216
32 999990194
54 999990226
4 999990280
32 999990284
100 999990316
7 999990416
90 999990423
8192 999982408
27 999990600
1 999990627
11 999990627
23 999990638
25 999990661
92 999990686
41 999990778
1814 999989057
57 999990819
21 999990876
98 999990819
790 999990226
64 999991016
88 999991080
45 999991168
93 999991213
256 999991080
22 999991336
60 999991336
89 999991396
2048 999989519
37 999991567
45 999991604
94 999991649
1 999991743
100 999991744
58 999991844
7 999991902
31 999991909
86 999991902
63 999991940
49 999991988
49 999992003
45 999992052
95 999992052
8192 999984034
56 999992226
57 999992282
88 999992339
27 999992427
63 999992427
83 999992490
8 999992573
44 999992581
73 999992581
71 999992654
16 999992725
77 999992725
83 999992802
2048 999990871
64 999992885
76 999992949
100 999993025
90 999993125
33 999993215
91 999993215
86 999993306
94 999993392
96 999993486
87 999993582
34 999993669
96 999993703
16384 999977435
13 999993819
22 999993832
80 999993832
71 999993912
89 999993912
85 999994001
91 999994001
67 999994086
75 999994153
27 999994228
57 999994228
18 999994285
47 999994303
13 999994350
35 999994363
63 999994398
77 999994398
95 999994461
37 999994556
4 999994593
74 999994597
65 999994671
69 999994736
82 999994805
6 999994887
78 999994893
81 999994971
4 999995052
42 999995052
16 999995094
4 999995110
23 999995114
4096 999991080
57 999995137
35 999995176
57 999995211
68 999995268
37 999995336
278 999995110
90 999995388
256 999995268
79 999995524
86 999995603
50 999995689
8 999995739
80 999995747
17 999995827
98 999995844
95 999995942
84 999996037
22 999996121
25 999996121
77 999996121
96 999996198
83 999996294
40 999996377
50 999996417
512 999996037
128 999996467
91 999996595
13 999996686
16 999996699
43 999996715
98 999996715
16384 999980526
4 999996910
256 999996758
2048 999994971
35 999997014
37 999997049
89 999997086
90 999997175
23 999997265
8192 999989189
82 999997381
1 999997463
4 999997464
35 999997468
60 999997503
79 999997563
42 999997642
45 999997642
256 999997503
512 999997288
47 999997759
28 999997806
56 999997834
42 999997890
13 999997932
60 999997945
63 999997945
36 999998008
32 999998044
4 999998076
98 999998044
41 999998142
49 999998183
278 999998044
47 999998322
67 999998369
19 999998436
37 999998455
93 999998492
45 999998585
100 999998630
40 999998730
67 999998770
40 999998837
3 999998877
67 999998880
4096 999994887
66 999998983
256 999998837
790 999998369
76 999999159
12 999999235
1 999999247
45 999999247
67 999999292
51 999999359
60 999999359
98 999999419
84 999999517
56 999999601
67 999999657
15 999999724
16 999999739
22 999999755
13 999999777
95 999999790
6 999999885
80 999999885
1 999999965
31 999999966
35 999999965
