3186
1 1
2 2
4 4
8 8
16 16
32 32
64 64
128 128
256 256
512 512
1024 1024
2048 2048
4096 4096
8192 8192
16384 16384
32768 32768
65536 65536
131072 131072
262144 262144
524288 524288
1048576 1048576
2097152 2097152
4194304 4194304
8388608 8388608
16777216 16777216
33554432 33554432
67108864 67108864
134217728 134217728
268435456 268435456
536870912 268435456
805306368 134217728
939524096 33554432
973078528 16777216
989855744 8388608
998244352 1048576
999292928 524288
999817216 131072
999948288 1024
999949312 512
999949824 256
999950080 16
999950096 4
999950100 2
999950102 16
999950118 2
999950120 1
999950121 64
999950185 8
999950193 64
999950257 8
999950265 4
999950269 1
999950270 32
999950302 4
999950306 1
999950307 64
999950371 8
999950379 4
999950383 2
999950385 1
999950386 8
999950394 4
999950398 1
999950399 32
999950431 8
999950439 2
999950441 16
999950457 4
999950461 16
999950477 1
999950478 4
999950482 2
999950484 32
999950516 4
999950520 1
999950521 8
999950529 32
999950561 16
999950577 2
999950579 1
999950580 64
999950644 16
999950660 4
999950664 2
999950666 64
999950730 4
999950734 2
999950736 64
999950800 32
999950832 2
999950834 32
999950866 8
999950874 2
999950876 32
999950908 16
999950924 4
999950928 2
999950930 1
999950931 16
999950947 8
999950955 1
999950956 16
999950972 4
999950976 2
999950978 32
999951010 4
999951014 2
999951016 1
999951017 8
999951025 4
999951029 2
999951031 4
999951035 1
999951036 16
999951052 2
999951054 64
999951118 8
999951126 4
999951130 2
999951132 1
999951133 64
999951197 8
999951205 1
999951206 16
999951222 1
999951223 32
999951255 16
999951271 4
999951275 2
999951277 32
999951309 16
999951325 1
999951326 16
999951342 8
999951350 1
999951351 32
999951383 16
999951399 8
999951407 1
999951408 16
999951424 8
999951432 4
999951436 64
999951500 16
999951516 8
999951524 4
999951528 2
999951530 1
999951531 16
999951547 2
999951549 1
999951550 64
999951614 8
999951622 2
999951624 16
999951640 2
999951642 32
999951674 8
999951682 2
999951684 16
999951700 4
999951704 2
999951706 64
999951770 32
999951802 64
999951866 8
999951874 4
999951878 2
999951880 4
999951884 2
999951886 32
999951918 8
999951926 4
999951930 1
999951931 8
999951939 4
999951943 2
999951945 1
999951946 64
999952010 16
999952026 4
999952030 2
999952032 1
999952033 64
999952097 16
999952113 2
999952115 1
999952116 64
999952180 8
999952188 4
999952192 1
999952193 64
999952257 16
999952273 8
999952281 64
999952345 8
999952353 2
999952355 32
999952387 16
999952403 8
999952411 1
999952412 1
999952413 64
999952477 16
999952493 4
999952497 64
999952561 2
999952563 32
999952595 16
999952611 4
999952615 2
999952617 1
999952618 32
999952650 8
999952658 2
999952660 32
999952692 4
999952696 2
999952698 1
999952699 64
999952763 1
999952764 8
999952772 2
999952774 64
999952838 16
999952854 8
999952862 4
999952866 32
999952898 16
999952914 4
999952918 1
999952919 64
999952983 8
999952991 32
999953023 16
999953039 2
999953041 1
999953042 32
999953074 16
999953090 1
999953091 32
999953123 16
999953139 2
999953141 1
999953142 64
999953206 16
999953222 4
999953226 2
999953228 64
999953292 16
999953308 4
999953312 32
999953344 8
999953352 4
999953356 2
999953358 32
999953390 4
999953394 32
999953426 8
999953434 4
999953438 2
999953440 64
999953504 8
999953512 4
999953516 1
999953517 64
999953581 16
999953597 8
999953605 2
999953607 64
999953671 16
999953687 4
999953691 1
999953692 64
999953756 2
999953758 1
999953759 64
999953823 16
999953839 8
999953847 4
999953851 64
999953915 16
999953931 4
999953935 64
999953999 16
999954015 8
999954023 2
999954025 1
999954026 16
999954042 4
999954046 2
999954048 32
999954080 4
999954084 1
999954085 64
999954149 32
999954181 2
999954183 64
999954247 32
999954279 2
999954281 1
999954282 4
999954286 2
999954288 64
999954352 8
999954360 1
999954361 16
999954377 4
999954381 2
999954383 1
999954384 32
999954416 1
999954417 32
999954449 64
999954513 16
999954529 8
999954537 4
999954541 2
999954543 1
999954544 64
999954608 16
999954624 8
999954632 2
999954634 1
999954635 32
999954667 4
999954671 1
999954672 64
999954736 16
999954752 4
999954756 1
999954757 32
999954789 16
999954805 2
999954807 1
999954808 16
999954824 8
999954832 1
999954833 32
999954865 2
999954867 1
999954868 16
999954884 8
999954892 4
999954896 2
999954898 1
999954899 64
999954963 2
999954965 8
999954973 4
999954977 1
999954978 32
999955010 8
999955018 1
999955019 64
999955083 8
999955091 64
999955155 1
999955156 64
999955220 16
999955236 8
999955244 2
999955246 32
999955278 16
999955294 8
999955302 4
999955306 2
999955308 1
999955309 32
999955341 4
999955345 2
999955347 1
999955348 64
999955412 16
999955428 1
999955429 64
999955493 4
999955497 1
999955498 4
999955502 2
999955504 1
999955505 64
999955569 4
999955573 2
999955575 16
999955591 1
999955592 64
999955656 8
999955664 2
999955666 2
999955668 1
999955669 64
999955733 8
999955741 4
999955745 2
999955747 32
999955779 16
999955795 4
999955799 1
999955800 64
999955864 4
999955868 64
999955932 16
999955948 8
999955956 2
999955958 1
999955959 32
999955991 2
999955993 64
999956057 32
999956089 16
999956105 8
999956113 4
999956117 1
999956118 64
999956182 32
999956214 64
999956278 8
999956286 1
999956287 8
999956295 2
999956297 1
999956298 64
999956362 8
999956370 4
999956374 2
999956376 1
999956377 32
999956409 16
999956425 4
999956429 2
999956431 8
999956439 4
999956443 2
999956445 4
999956449 64
999956513 16
999956529 16
999956545 8
999956553 4
999956557 4
999956561 2
999956563 1
999956564 32
999956596 16
999956612 4
999956616 1
999956617 64
999956681 8
999956689 4
999956693 1
999956694 8
999956702 4
999956706 16
999956722 4
999956726 64
999956790 2
999956792 32
999956824 16
999956840 2
999956842 64
999956906 16
999956922 8
999956930 32
999956962 16
999956978 8
999956986 4
999956990 64
999957054 8
999957062 1
999957063 32
999957095 8
999957103 4
999957107 16
999957123 2
999957125 1
999957126 64
999957190 16
999957206 2
999957208 1
999957209 16
999957225 4
999957229 16
999957245 4
999957249 1
999957250 64
999957314 32
999957346 2
999957348 1
999957349 32
999957381 16
999957397 4
999957401 1
999957402 32
999957434 8
999957442 2
999957444 1
999957445 16
999957461 64
999957525 8
999957533 4
999957537 32
999957569 16
999957585 8
999957593 4
999957597 2
999957599 1
999957600 32
999957632 8
999957640 2
999957642 1
999957643 4
999957647 2
999957649 16
999957665 8
999957673 2
999957675 16
999957691 8
999957699 4
999957703 2
999957705 16
999957721 8
999957729 4
999957733 1
999957734 32
999957766 8
999957774 1
999957775 64
999957839 16
999957855 8
999957863 4
999957867 2
999957869 1
999957870 32
999957902 8
999957910 2
999957912 1
999957913 8
999957921 4
999957925 1
999957926 64
999957990 16
999958006 8
999958014 64
999958078 2
999958080 64
999958144 16
999958160 8
999958168 4
999958172 1
999958173 64
999958237 4
999958241 2
999958243 1
999958244 64
999958308 4
999958312 8
999958320 64
999958384 4
999958388 2
999958390 16
999958406 8
999958414 4
999958418 1
999958419 64
999958483 4
999958487 64
999958551 16
999958567 1
999958568 64
999958632 8
999958640 2
999958642 16
999958658 8
999958666 4
999958670 2
999958672 64
999958736 4
999958740 2
999958742 1
999958743 2
999958745 1
999958746 64
999958810 4
999958814 2
999958816 64
999958880 16
999958896 8
999958904 64
999958968 16
999958984 8
999958992 4
999958996 2
999958998 64
999959062 16
999959078 2
999959080 64
999959144 16
999959160 2
999959162 1
999959163 64
999959227 16
999959243 1
999959244 64
999959308 16
999959324 2
999959326 1
999959327 16
999959343 4
999959347 2
999959349 1
999959350 16
999959366 8
999959374 4
999959378 1
999959379 32
999959411 16
999959427 8
999959435 2
999959437 16
999959453 4
999959457 16
999959473 4
999959477 32
999959509 4
999959513 2
999959515 32
999959547 2
999959549 32
999959581 2
999959583 1
999959584 64
999959648 8
999959656 4
999959660 2
999959662 1
999959663 64
999959727 16
999959743 1
999959744 32
999959776 16
999959792 2
999959794 1
999959795 64
999959859 8
999959867 2
999959869 1
999959870 16
999959886 2
999959888 32
999959920 16
999959936 8
999959944 4
999959948 64
999960012 32
999960044 2
999960046 1
999960047 64
999960111 16
999960127 4
999960131 2
999960133 16
999960149 8
999960157 16
999960173 8
999960181 2
999960183 1
999960184 64
999960248 16
999960264 4
999960268 2
999960270 64
999960334 8
999960342 2
999960344 1
999960345 64
999960409 64
999960473 4
999960477 1
999960478 64
999960542 16
999960558 8
999960566 4
999960570 2
999960572 1
999960573 64
999960637 8
999960645 2
999960647 16
999960663 8
999960671 2
999960673 1
999960674 32
999960706 8
999960714 4
999960718 2
999960720 32
999960752 16
999960768 8
999960776 32
999960808 2
999960810 64
999960874 16
999960890 64
999960954 64
999961018 8
999961026 32
999961058 16
999961074 8
999961082 2
999961084 1
999961085 64
999961149 16
999961165 2
999961167 64
999961231 1
999961232 64
999961296 32
999961328 2
999961330 1
999961331 32
999961363 8
999961371 2
999961373 32
999961405 16
999961421 4
999961425 2
999961427 1
999961428 16
999961444 64
999961508 16
999961524 4
999961528 2
999961530 1
999961531 64
999961595 16
999961611 8
999961619 2
999961621 64
999961685 4
999961689 2
999961691 64
999961755 16
999961771 4
999961775 2
999961777 64
999961841 8
999961849 4
999961853 1
999961854 32
999961886 8
999961894 4
999961898 2
999961900 32
999961932 8
999961940 4
999961944 32
999961976 8
999961984 64
999962048 16
999962064 2
999962066 64
999962130 2
999962132 32
999962164 16
999962180 8
999962188 2
999962190 1
999962191 64
999962255 16
999962271 8
999962279 2
999962281 64
999962345 16
999962361 8
999962369 1
999962370 16
999962386 32
999962418 16
999962434 8
999962442 1
999962443 64
999962507 16
999962523 4
999962527 64
999962591 16
999962607 8
999962615 4
999962619 2
999962621 1
999962622 2
999962624 16
999962640 4
999962644 2
999962646 64
999962710 8
999962718 4
999962722 2
999962724 4
999962728 2
999962730 16
999962746 4
999962750 2
999962752 1
999962753 64
999962817 8
999962825 4
999962829 1
999962830 8
999962838 1
999962839 16
999962855 8
999962863 2
999962865 1
999962866 64
999962930 16
999962946 2
999962948 1
999962949 32
999962981 8
999962989 2
999962991 1
999962992 64
999963056 16
999963072 8
999963080 4
999963084 2
999963086 8
999963094 4
999963098 2
999963100 1
999963101 64
999963165 1
999963166 32
999963198 16
999963214 4
999963218 1
999963219 32
999963251 16
999963267 8
999963275 2
999963277 64
999963341 16
999963357 8
999963365 16
999963381 8
999963389 32
999963421 2
999963423 1
999963424 8
999963432 4
999963436 2
999963438 1
999963439 16
999963455 4
999963459 2
999963461 32
999963493 16
999963509 4
999963513 2
999963515 1
999963516 16
999963532 4
999963536 1
999963537 32
999963569 8
999963577 4
999963581 2
999963583 1
999963584 16
999963600 2
999963602 32
999963634 4
999963638 1
999963639 16
999963655 8
999963663 4
999963667 64
999963731 4
999963735 1
999963736 64
999963800 16
999963816 4
999963820 16
999963836 8
999963844 4
999963848 1
999963849 32
999963881 16
999963897 8
999963905 1
999963906 32
999963938 8
999963946 1
999963947 32
999963979 4
999963983 64
999964047 16
999964063 64
999964127 8
999964135 4
999964139 64
999964203 16
999964219 4
999964223 1
999964224 16
999964240 64
999964304 16
999964320 8
999964328 64
999964392 16
999964408 2
999964410 32
999964442 8
999964450 2
999964452 32
999964484 16
999964500 8
999964508 2
999964510 32
999964542 2
999964544 1
999964545 64
999964609 8
999964617 4
999964621 64
999964685 16
999964701 2
999964703 32
999964735 4
999964739 32
999964771 16
999964787 4
999964791 2
999964793 32
999964825 16
999964841 8
999964849 2
999964851 64
999964915 16
999964931 8
999964939 2
999964941 32
999964973 16
999964989 4
999964993 1
999964994 64
999965058 16
999965074 32
999965106 1
999965107 16
999965123 8
999965131 2
999965133 16
999965149 4
999965153 2
999965155 1
999965156 64
999965220 32
999965252 4
999965256 64
999965320 16
999965336 8
999965344 4
999965348 1
999965349 32
999965381 4
999965385 2
999965387 64
999965451 32
999965483 32
999965515 4
999965519 2
999965521 64
999965585 2
999965587 32
999965619 4
999965623 2
999965625 1
999965626 4
999965630 1
999965631 32
999965663 16
999965679 4
999965683 1
999965684 32
999965716 16
999965732 8
999965740 4
999965744 1
999965745 64
999965809 32
999965841 32
999965873 16
999965889 4
999965893 1
999965894 32
999965926 16
999965942 2
999965944 1
999965945 32
999965977 16
999965993 8
999966001 2
999966003 1
999966004 64
999966068 16
999966084 4
999966088 2
999966090 1
999966091 32
999966123 16
999966139 2
999966141 8
999966149 2
999966151 1
999966152 8
999966160 4
999966164 2
999966166 64
999966230 8
999966238 1
999966239 64
999966303 1
999966304 64
999966368 16
999966384 4
999966388 64
999966452 8
999966460 4
999966464 2
999966466 8
999966474 2
999966476 1
999966477 4
999966481 8
999966489 4
999966493 32
999966525 16
999966541 8
999966549 1
999966550 64
999966614 16
999966630 8
999966638 2
999966640 1
999966641 16
999966657 4
999966661 64
999966725 32
999966757 2
999966759 1
999966760 32
999966792 16
999966808 2
999966810 1
999966811 64
999966875 16
999966891 2
999966893 16
999966909 8
999966917 4
999966921 2
999966923 1
999966924 16
999966940 4
999966944 64
999967008 32
999967040 2
999967042 64
999967106 16
999967122 8
999967130 2
999967132 1
999967133 32
999967165 8
999967173 64
999967237 16
999967253 8
999967261 4
999967265 16
999967281 4
999967285 1
999967286 32
999967318 1
999967319 64
999967383 16
999967399 4
999967403 32
999967435 16
999967451 1
999967452 64
999967516 32
999967548 16
999967564 8
999967572 4
999967576 64
999967640 4
999967644 1
999967645 32
999967677 16
999967693 1
999967694 32
999967726 8
999967734 64
999967798 8
999967806 4
999967810 2
999967812 1
999967813 64
999967877 16
999967893 8
999967901 4
999967905 2
999967907 32
999967939 16
999967955 8
999967963 4
999967967 2
999967969 8
999967977 4
999967981 2
999967983 1
999967984 16
999968000 8
999968008 4
999968012 2
999968014 16
999968030 1
999968031 32
999968063 8
999968071 4
999968075 1
999968076 32
999968108 2
999968110 32
999968142 16
999968158 4
999968162 32
999968194 16
999968210 8
999968218 1
999968219 64
999968283 16
999968299 8
999968307 64
999968371 16
999968387 4
999968391 1
999968392 8
999968400 4
999968404 2
999968406 64
999968470 32
999968502 4
999968506 16
999968522 4
999968526 2
999968528 16
999968544 4
999968548 1
999968549 64
999968613 8
999968621 4
999968625 2
999968627 16
999968643 8
999968651 4
999968655 2
999968657 1
999968658 16
999968674 8
999968682 1
999968683 32
999968715 8
999968723 16
999968739 8
999968747 32
999968779 8
999968787 1
999968788 4
999968792 8
999968800 1
999968801 64
999968865 16
999968881 8
999968889 4
999968893 2
999968895 1
999968896 64
999968960 32
999968992 4
999968996 4
999969000 1
999969001 64
999969065 16
999969081 8
999969089 2
999969091 1
999969092 64
999969156 32
999969188 64
999969252 4
999969256 2
999969258 32
999969290 8
999969298 1
999969299 32
999969331 4
999969335 1
999969336 8
999969344 4
999969348 2
999969350 64
999969414 16
999969430 1
999969431 32
999969463 16
999969479 2
999969481 2
999969483 1
999969484 32
999969516 8
999969524 4
999969528 32
999969560 8
999969568 1
999969569 32
999969601 8
999969609 4
999969613 2
999969615 8
999969623 4
999969627 1
999969628 16
999969644 8
999969652 4
999969656 1
999969657 64
999969721 2
999969723 64
999969787 16
999969803 8
999969811 4
999969815 2
999969817 1
999969818 32
999969850 16
999969866 8
999969874 4
999969878 64
999969942 8
999969950 4
999969954 64
999970018 32
999970050 1
999970051 32
999970083 8
999970091 2
999970093 1
999970094 64
999970158 16
999970174 8
999970182 4
999970186 2
999970188 1
999970189 64
999970253 16
999970269 4
999970273 2
999970275 1
999970276 64
999970340 8
999970348 4
999970352 2
999970354 64
999970418 8
999970426 4
999970430 2
999970432 32
999970464 16
999970480 2
999970482 16
999970498 4
999970502 32
999970534 8
999970542 2
999970544 32
999970576 16
999970592 8
999970600 1
999970601 32
999970633 8
999970641 4
999970645 2
999970647 64
999970711 8
999970719 4
999970723 1
999970724 8
999970732 2
999970734 16
999970750 8
999970758 4
999970762 2
999970764 16
999970780 4
999970784 2
999970786 64
999970850 16
999970866 4
999970870 1
999970871 64
999970935 16
999970951 2
999970953 1
999970954 16
999970970 4
999970974 1
999970975 64
999971039 2
999971041 1
999971042 32
999971074 16
999971090 4
999971094 64
999971158 16
999971174 8
999971182 4
999971186 32
999971218 16
999971234 4
999971238 2
999971240 64
999971304 16
999971320 8
999971328 4
999971332 4
999971336 1
999971337 64
999971401 16
999971417 4
999971421 64
999971485 16
999971501 8
999971509 4
999971513 2
999971515 1
999971516 32
999971548 16
999971564 8
999971572 2
999971574 64
999971638 8
999971646 1
999971647 16
999971663 8
999971671 2
999971673 1
999971674 64
999971738 16
999971754 8
999971762 4
999971766 2
999971768 32
999971800 8
999971808 1
999971809 32
999971841 16
999971857 4
999971861 2
999971863 1
999971864 64
999971928 8
999971936 2
999971938 1
999971939 32
999971971 4
999971975 2
999971977 1
999971978 64
999972042 4
999972046 32
999972078 4
999972082 32
999972114 8
999972122 4
999972126 1
999972127 32
999972159 16
999972175 64
999972239 16
999972255 8
999972263 4
999972267 2
999972269 1
999972270 64
999972334 16
999972350 1
999972351 16
999972367 4
999972371 2
999972373 64
999972437 16
999972453 8
999972461 4
999972465 8
999972473 2
999972475 1
999972476 64
999972540 16
999972556 4
999972560 1
999972561 32
999972593 8
999972601 4
999972605 64
999972669 2
999972671 1
999972672 64
999972736 16
999972752 8
999972760 4
999972764 2
999972766 1
999972767 64
999972831 2
999972833 32
999972865 8
999972873 4
999972877 1
999972878 8
999972886 1
999972887 32
999972919 16
999972935 4
999972939 2
999972941 1
999972942 2
999972944 1
999972945 32
999972977 8
999972985 1
999972986 64
999973050 16
999973066 8
999973074 4
999973078 1
999973079 64
999973143 32
999973175 2
999973177 32
999973209 16
999973225 4
999973229 2
999973231 32
999973263 16
999973279 8
999973287 2
999973289 32
999973321 16
999973337 2
999973339 1
999973340 64
999973404 16
999973420 8
999973428 4
999973432 32
999973464 8
999973472 4
999973476 2
999973478 32
999973510 8
999973518 4
999973522 1
999973523 32
999973555 16
999973571 4
999973575 32
999973607 16
999973623 2
999973625 64
999973689 4
999973693 1
999973694 32
999973726 8
999973734 16
999973750 8
999973758 2
999973760 32
999973792 16
999973808 8
999973816 2
999973818 64
999973882 32
999973914 2
999973916 64
999973980 16
999973996 8
999974004 4
999974008 64
999974072 16
999974088 32
999974120 16
999974136 2
999974138 1
999974139 64
999974203 8
999974211 1
999974212 32
999974244 8
999974252 32
999974284 8
999974292 1
999974293 64
999974357 8
999974365 4
999974369 2
999974371 16
999974387 64
999974451 16
999974467 8
999974475 16
999974491 8
999974499 2
999974501 64
999974565 1
999974566 64
999974630 2
999974632 16
999974648 8
999974656 4
999974660 2
999974662 64
999974726 8
999974734 4
999974738 2
999974740 1
999974741 32
999974773 8
999974781 4
999974785 2
999974787 1
999974788 64
999974852 32
999974884 4
999974888 32
999974920 16
999974936 8
999974944 64
999975008 8
999975016 4
999975020 2
999975022 1
999975023 64
999975087 8
999975095 4
999975099 1
999975100 16
999975116 4
999975120 16
999975136 8
999975144 4
999975148 1
999975149 32
999975181 4
999975185 16
999975201 16
999975217 32
999975249 16
999975265 4
999975269 1
999975270 32
999975302 8
999975310 4
999975314 32
999975346 4
999975350 2
999975352 1
999975353 64
999975417 16
999975433 8
999975441 4
999975445 1
999975446 64
999975510 16
999975526 8
999975534 16
999975550 2
999975552 1
999975553 8
999975561 1
999975562 64
999975626 32
999975658 2
999975660 1
999975661 32
999975693 4
999975697 64
999975761 16
999975777 8
999975785 4
999975789 2
999975791 32
999975823 4
999975827 1
999975828 64
999975892 1
999975893 16
999975909 4
999975913 1
999975914 16
999975930 1
999975931 8
999975939 4
999975943 2
999975945 1
999975946 64
999976010 8
999976018 2
999976020 64
999976084 8
999976092 1
999976093 64
999976157 4
999976161 1
999976162 32
999976194 8
999976202 2
999976204 1
999976205 64
999976269 8
999976277 2
999976279 32
999976311 8
999976319 4
999976323 32
999976355 2
999976357 2
999976359 1
999976360 64
999976424 16
999976440 4
999976444 2
999976446 32
999976478 16
999976494 8
999976502 16
999976518 8
999976526 2
999976528 1
999976529 64
999976593 2
999976595 1
999976596 8
999976604 2
999976606 8
999976614 4
999976618 2
999976620 16
999976636 8
999976644 1
999976645 16
999976661 4
999976665 1
999976666 32
999976698 8
999976706 16
999976722 8
999976730 4
999976734 2
999976736 1
999976737 64
999976801 16
999976817 8
999976825 1
999976826 64
999976890 16
999976906 4
999976910 64
999976974 16
999976990 4
999976994 32
999977026 8
999977034 4
999977038 1
999977039 64
999977103 16
999977119 8
999977127 4
999977131 64
999977195 32
999977227 64
999977291 4
999977295 1
999977296 64
999977360 8
999977368 4
999977372 1
999977373 32
999977405 16
999977421 8
999977429 4
999977433 2
999977435 32
999977467 8
999977475 2
999977477 32
999977509 16
999977525 8
999977533 4
999977537 2
999977539 1
999977540 32
999977572 16
999977588 8
999977596 4
999977600 64
999977664 16
999977680 4
999977684 64
999977748 16
999977764 8
999977772 64
999977836 8
999977844 1
999977845 2
999977847 1
999977848 64
999977912 8
999977920 1
999977921 16
999977937 1
999977938 32
999977970 16
999977986 8
999977994 4
999977998 8
999978006 4
999978010 16
999978026 4
999978030 2
999978032 32
999978064 8
999978072 4
999978076 2
999978078 1
999978079 4
999978083 1
999978084 64
999978148 16
999978164 2
999978166 1
999978167 16
999978183 8
999978191 2
999978193 1
999978194 32
999978226 16
999978242 8
999978250 16
999978266 4
999978270 32
999978302 16
999978318 8
999978326 2
999978328 1
999978329 16
999978345 32
999978377 8
999978385 2
999978387 64
999978451 8
999978459 4
999978463 2
999978465 1
999978466 32
999978498 16
999978514 4
999978518 2
999978520 16
999978536 8
999978544 2
999978546 64
999978610 16
999978626 4
999978630 64
999978694 16
999978710 1
999978711 16
999978727 8
999978735 1
999978736 32
999978768 2
999978770 1
999978771 32
999978803 8
999978811 4
999978815 2
999978817 1
999978818 8
999978826 8
999978834 1
999978835 16
999978851 8
999978859 2
999978861 1
999978862 16
999978878 4
999978882 1
999978883 64
999978947 32
999978979 32
999979011 8
999979019 4
999979023 2
999979025 64
999979089 4
999979093 2
999979095 16
999979111 8
999979119 4
999979123 64
999979187 2
999979189 1
999979190 2
999979192 1
999979193 2
999979195 64
999979259 32
999979291 2
999979293 64
999979357 8
999979365 64
999979429 32
999979461 64
999979525 16
999979541 8
999979549 4
999979553 2
999979555 1
999979556 2
999979558 32
999979590 16
999979606 8
999979614 4
999979618 64
999979682 2
999979684 64
999979748 16
999979764 8
999979772 4
999979776 32
999979808 8
999979816 2
999979818 1
999979819 16
999979835 8
999979843 2
999979845 64
999979909 16
999979925 8
999979933 2
999979935 32
999979967 4
999979971 1
999979972 16
999979988 8
999979996 4
999980000 2
999980002 32
999980034 32
999980066 16
999980082 8
999980090 4
999980094 1
999980095 32
999980127 8
999980135 2
999980137 64
999980201 16
999980217 32
999980249 8
999980257 4
999980261 2
999980263 1
999980264 32
999980296 16
999980312 4
999980316 2
999980318 2
999980320 1
999980321 32
999980353 8
999980361 32
999980393 4
999980397 1
999980398 64
999980462 4
999980466 1
999980467 16
999980483 2
999980485 32
999980517 8
999980525 1
999980526 2
999980528 1
999980529 32
999980561 16
999980577 4
999980581 2
999980583 64
999980647 2
999980649 1
999980650 16
999980666 32
999980698 8
999980706 4
999980710 1
999980711 32
999980743 8
999980751 2
999980753 1
999980754 32
999980786 8
999980794 4
999980798 2
999980800 64
999980864 4
999980868 1
999980869 8
999980877 4
999980881 1
999980882 32
999980914 8
999980922 1
999980923 64
999980987 8
999980995 1
999980996 32
999981028 2
999981030 32
999981062 16
999981078 8
999981086 4
999981090 64
999981154 4
999981158 1
999981159 32
999981191 4
999981195 2
999981197 64
999981261 32
999981293 2
999981295 1
999981296 64
999981360 8
999981368 4
999981372 4
999981376 2
999981378 64
999981442 4
999981446 2
999981448 64
999981512 16
999981528 4
999981532 1
999981533 64
999981597 16
999981613 4
999981617 2
999981619 16
999981635 8
999981643 4
999981647 1
999981648 64
999981712 1
999981713 16
999981729 8
999981737 4
999981741 2
999981743 1
999981744 64
999981808 8
999981816 4
999981820 2
999981822 1
999981823 32
999981855 16
999981871 8
999981879 2
999981881 1
999981882 64
999981946 16
999981962 8
999981970 2
999981972 16
999981988 1
999981989 64
999982053 32
999982085 2
999982087 1
999982088 64
999982152 8
999982160 2
999982162 64
999982226 16
999982242 8
999982250 2
999982252 64
999982316 8
999982324 2
999982326 64
999982390 16
999982406 2
999982408 32
999982440 16
999982456 4
999982460 2
999982462 32
999982494 16
999982510 4
999982514 2
999982516 1
999982517 32
999982549 1
999982550 16
999982566 2
999982568 1
999982569 16
999982585 8
999982593 4
999982597 2
999982599 1
999982600 16
999982616 4
999982620 2
999982622 16
999982638 64
999982702 16
999982718 8
999982726 4
999982730 1
999982731 64
999982795 16
999982811 8
999982819 4
999982823 32
999982855 16
999982871 2
999982873 1
999982874 16
999982890 4
999982894 1
999982895 64
999982959 8
999982967 2
999982969 32
999983001 4
999983005 2
999983007 1
999983008 64
999983072 8
999983080 4
999983084 2
999983086 1
999983087 16
999983103 1
999983104 32
999983136 2
999983138 1
999983139 64
999983203 16
999983219 8
999983227 4
999983231 2
999983233 1
999983234 4
999983238 1
999983239 32
999983271 16
999983287 2
999983289 1
999983290 64
999983354 16
999983370 4
999983374 1
999983375 32
999983407 16
999983423 4
999983427 2
999983429 32
999983461 16
999983477 8
999983485 16
999983501 4
999983505 1
999983506 64
999983570 16
999983586 8
999983594 8
999983602 4
999983606 2
999983608 64
999983672 16
999983688 8
999983696 4
999983700 8
999983708 4
999983712 32
999983744 8
999983752 4
999983756 1
999983757 32
999983789 16
999983805 2
999983807 1
999983808 4
999983812 2
999983814 32
999983846 16
999983862 2
999983864 1
999983865 16
999983881 8
999983889 2
999983891 4
999983895 2
999983897 32
999983929 16
999983945 2
999983947 1
999983948 8
999983956 8
999983964 1
999983965 64
999984029 4
999984033 1
999984034 32
999984066 8
999984074 4
999984078 32
999984110 4
999984114 2
999984116 1
999984117 64
999984181 2
999984183 16
999984199 4
999984203 2
999984205 64
999984269 8
999984277 2
999984279 64
999984343 16
999984359 8
999984367 2
999984369 1
999984370 64
999984434 16
999984450 8
999984458 64
999984522 16
999984538 8
999984546 1
999984547 64
999984611 8
999984619 4
999984623 1
999984624 64
999984688 16
999984704 4
999984708 1
999984709 64
999984773 32
999984805 1
999984806 16
999984822 4
999984826 1
999984827 32
999984859 16
999984875 8
999984883 4
999984887 1
999984888 64
999984952 16
999984968 2
999984970 1
999984971 2
999984973 1
999984974 64
999985038 16
999985054 8
999985062 2
999985064 64
999985128 16
999985144 4
999985148 1
999985149 4
999985153 2
999985155 1
999985156 64
999985220 16
999985236 8
999985244 16
999985260 2
999985262 1
999985263 64
999985327 8
999985335 2
999985337 32
999985369 16
999985385 8
999985393 4
999985397 64
999985461 4
999985465 64
999985529 4
999985533 2
999985535 16
999985551 4
999985555 2
999985557 1
999985558 32
999985590 16
999985606 8
999985614 2
999985616 1
999985617 4
999985621 2
999985623 1
999985624 32
999985656 8
999985664 1
999985665 64
999985729 16
999985745 8
999985753 4
999985757 2
999985759 1
999985760 64
999985824 8
999985832 2
999985834 1
999985835 64
999985899 32
999985931 4
999985935 64
999985999 2
999986001 16
999986017 1
999986018 32
999986050 16
999986066 8
999986074 2
999986076 64
999986140 8
999986148 4
999986152 2
999986154 32
999986186 4
999986190 1
999986191 16
999986207 4
999986211 2
999986213 1
999986214 64
999986278 16
999986294 8
999986302 2
999986304 8
999986312 1
999986313 4
999986317 1
999986318 64
999986382 4
999986386 1
999986387 64
999986451 32
999986483 16
999986499 8
999986507 16
999986523 4
999986527 1
999986528 4
999986532 2
999986534 1
999986535 16
999986551 8
999986559 4
999986563 64
999986627 32
999986659 1
999986660 8
999986668 2
999986670 8
999986678 4
999986682 1
999986683 64
999986747 1
999986748 64
999986812 32
999986844 2
999986846 64
999986910 8
999986918 4
999986922 64
999986986 16
999987002 2
999987004 1
999987005 32
999987037 8
999987045 4
999987049 1
999987050 8
999987058 2
999987060 64
999987124 4
999987128 8
999987136 2
999987138 8
999987146 1
999987147 64
999987211 8
999987219 4
999987223 32
999987255 16
999987271 4
999987275 1
999987276 16
999987292 8
999987300 4
999987304 64
999987368 32
999987400 8
999987408 4
999987412 64
999987476 16
999987492 8
999987500 4
999987504 1
999987505 64
999987569 16
999987585 1
999987586 16
999987602 4
999987606 16
999987622 8
999987630 8
999987638 2
999987640 16
999987656 4
999987660 64
999987724 16
999987740 4
999987744 2
999987746 1
999987747 8
999987755 4
999987759 4
999987763 32
999987795 1
999987796 16
999987812 4
999987816 2
999987818 1
999987819 32
999987851 4
999987855 16
999987871 2
999987873 64
999987937 16
999987953 8
999987961 2
999987963 1
999987964 16
999987980 8
999987988 4
999987992 2
999987994 64
999988058 16
999988074 8
999988082 4
999988086 2
999988088 1
999988089 4
999988093 2
999988095 1
999988096 64
999988160 16
999988176 8
999988184 4
999988188 2
999988190 64
999988254 16
999988270 2
999988272 64
999988336 8
999988344 1
999988345 8
999988353 4
999988357 2
999988359 32
999988391 16
999988407 4
999988411 1
999988412 8
999988420 1
999988421 64
999988485 8
999988493 4
999988497 2
999988499 16
999988515 1
999988516 16
999988532 8
999988540 4
999988544 2
999988546 1
999988547 4
999988551 2
999988553 1
999988554 16
999988570 4
999988574 2
999988576 1
999988577 32
999988609 1
999988610 64
999988674 4
999988678 2
999988680 8
999988688 4
999988692 2
999988694 1
999988695 32
999988727 1
999988728 32
999988760 4
999988764 1
999988765 64
999988829 16
999988845 2
999988847 1
999988848 32
999988880 4
999988884 32
999988916 16
999988932 4
999988936 2
999988938 16
999988954 4
999988958 2
999988960 16
999988976 2
999988978 64
999989042 2
999989044 1
999989045 8
999989053 4
999989057 32
999989089 8
999989097 4
999989101 2
999989103 4
999989107 2
999989109 8
999989117 1
999989118 8
999989126 4
999989130 1
999989131 32
999989163 16
999989179 4
999989183 2
999989185 4
999989189 2
999989191 1
999989192 64
999989256 16
999989272 8
999989280 2
999989282 32
999989314 8
999989322 4
999989326 16
999989342 8
999989350 32
999989382 16
999989398 8
999989406 16
999989422 8
999989430 4
999989434 2
999989436 1
999989437 64
999989501 16
999989517 2
999989519 64
999989583 16
999989599 2
999989601 1
999989602 32
999989634 4
999989638 1
999989639 32
999989671 4
999989675 2
999989677 1
999989678 32
999989710 16
999989726 8
999989734 4
999989738 2
999989740 64
999989804 16
999989820 8
999989828 4
999989832 1
999989833 16
999989849 8
999989857 32
999989889 4
999989893 2
999989895 1
999989896 64
999989960 2
999989962 1
999989963 64
999990027 8
999990035 4
999990039 2
999990041 1
999990042 8
999990050 4
999990054 8
999990062 4
999990066 1
999990067 32
999990099 16
999990115 8
999990123 2
999990125 8
999990133 4
999990137 2
999990139 16
999990155 4
999990159 2
999990161 1
999990162 32
999990194 16
999990210 4
999990214 2
999990216 1
999990217 8
999990225 1
999990226 32
999990258 16
999990274 4
999990278 2
999990280 4
999990284 32
999990316 64
999990380 32
999990412 4
999990416 4
999990420 2
999990422 1
999990423 64
999990487 16
999990503 8
999990511 2
999990513 64
999990577 16
999990593 4
999990597 2
999990599 1
999990600 16
999990616 8
999990624 2
999990626 1
999990627 1
999990628 8
999990636 2
999990638 16
999990654 4
999990658 2
999990660 1
999990661 16
999990677 8
999990685 1
999990686 64
999990750 16
999990766 8
999990774 4
999990778 32
999990810 8
999990818 1
999990819 32
999990851 16
999990867 4
999990871 4
999990875 1
999990876 16
999990892 4
999990896 1
999990897 16
999990913 4
999990917 64
999990981 32
999991013 2
999991015 1
999991016 64
999991080 64
999991144 16
999991160 8
999991168 32
999991200 8
999991208 4
999991212 1
999991213 64
999991277 16
999991293 8
999991301 4
999991305 1
999991306 16
999991322 8
999991330 4
999991334 2
999991336 16
999991352 4
999991356 2
999991358 32
999991390 4
999991394 2
999991396 64
999991460 16
999991476 8
999991484 1
999991485 64
999991549 16
999991565 2
999991567 32
999991599 4
999991603 1
999991604 32
999991636 8
999991644 4
999991648 1
999991649 64
999991713 16
999991729 8
999991737 4
999991741 2
999991743 1
999991744 64
999991808 32
999991840 4
999991844 32
999991876 16
999991892 8
999991900 2
999991902 4
999991906 2
999991908 1
999991909 16
999991925 8
999991933 4
999991937 2
999991939 1
999991940 32
999991972 16
999991988 8
999991996 4
999992000 2
999992002 1
999992003 32
999992035 2
999992037 8
999992045 4
999992049 2
999992051 1
999992052 32
999992084 8
999992092 4
999992096 1
999992097 32
999992129 16
999992145 2
999992147 64
999992211 8
999992219 4
999992223 2
999992225 1
999992226 32
999992258 16
999992274 8
999992282 32
999992314 16
999992330 8
999992338 1
999992339 64
999992403 16
999992419 8
999992427 16
999992443 8
999992451 2
999992453 1
999992454 32
999992486 4
999992490 64
999992554 16
999992570 2
999992572 1
999992573 8
999992581 32
999992613 8
999992621 4
999992625 16
999992641 8
999992649 4
999992653 1
999992654 64
999992718 4
999992722 2
999992724 1
999992725 16
999992741 32
999992773 16
999992789 8
999992797 4
999992801 1
999992802 64
999992866 16
999992882 2
999992884 1
999992885 32
999992917 2
999992919 16
999992935 8
999992943 4
999992947 2
999992949 64
999993013 8
999993021 4
999993025 64
999993089 32
999993121 4
999993125 64
999993189 16
999993205 8
999993213 2
999993215 32
999993247 1
999993248 32
999993280 16
999993296 8
999993304 2
999993306 64
999993370 16
999993386 4
999993390 2
999993392 64
999993456 16
999993472 8
999993480 4
999993484 2
999993486 64
999993550 32
999993582 64
999993646 16
999993662 4
999993666 2
999993668 1
999993669 32
999993701 2
999993703 64
999993767 32
999993799 16
999993815 4
999993819 8
999993827 4
999993831 1
999993832 16
999993848 4
999993852 2
999993854 32
999993886 16
999993902 8
999993910 2
999993912 64
999993976 4
999993980 2
999993982 1
999993983 16
999993999 2
999994001 64
999994065 16
999994081 4
999994085 1
999994086 4
999994090 2
999994092 32
999994124 16
999994140 8
999994148 4
999994152 1
999994153 64
999994217 8
999994225 2
999994227 1
999994228 16
999994244 8
999994252 2
999994254 1
999994255 16
999994271 8
999994279 4
999994283 2
999994285 16
999994301 2
999994303 32
999994335 8
999994343 4
999994347 2
999994349 1
999994350 8
999994358 4
999994362 1
999994363 32
999994395 2
999994397 1
999994398 32
999994430 16
999994446 8
999994454 4
999994458 2
999994460 1
999994461 8
999994469 4
999994473 2
999994475 64
999994539 16
999994555 1
999994556 32
999994588 4
999994592 1
999994593 4
999994597 64
999994661 8
999994669 2
999994671 64
999994735 1
999994736 64
999994800 4
999994804 1
999994805 64
999994869 16
999994885 2
999994887 4
999994891 2
999994893 64
999994957 8
999994965 4
999994969 2
999994971 64
999995035 16
999995051 1
999995052 4
999995056 32
999995088 4
999995092 2
999995094 16
999995110 4
999995114 16
999995130 4
999995134 2
999995136 1
999995137 32
999995169 4
999995173 2
999995175 1
999995176 16
999995192 2
999995194 16
999995210 1
999995211 32
999995243 16
999995259 8
999995267 1
999995268 64
999995332 4
999995336 32
999995368 4
999995372 1
999995373 8
999995381 4
999995385 2
999995387 1
999995388 64
999995452 16
999995468 8
999995476 2
999995478 32
999995510 8
999995518 4
999995522 2
999995524 64
999995588 8
999995596 4
999995600 2
999995602 1
999995603 64
999995667 16
999995683 4
999995687 2
999995689 32
999995721 16
999995737 2
999995739 8
999995747 64
999995811 16
999995827 16
999995843 1
999995844 64
999995908 32
999995940 2
999995942 64
999996006 16
999996022 8
999996030 4
999996034 2
999996036 1
999996037 64
999996101 16
999996117 4
999996121 16
999996137 4
999996141 2
999996143 2
999996145 1
999996146 32
999996178 16
999996194 4
999996198 64
999996262 32
999996294 64
999996358 16
999996374 2
999996376 1
999996377 32
999996409 8
999996417 32
999996449 16
999996465 2
999996467 64
999996531 16
999996547 2
999996549 32
999996581 8
999996589 4
999996593 2
999996595 64
999996659 16
999996675 8
999996683 2
999996685 1
999996686 8
999996694 4
999996698 1
999996699 16
999996715 32
999996747 8
999996755 2
999996757 1
999996758 32
999996790 16
999996806 4
999996810 2
999996812 1
999996813 64
999996877 32
999996909 1
999996910 4
999996914 64
999996978 32
999997010 4
999997014 4
999997018 1
999997019 16
999997035 8
999997043 4
999997047 2
999997049 32
999997081 4
999997085 1
999997086 64
999997150 16
999997166 8
999997174 1
999997175 64
999997239 16
999997255 8
999997263 2
999997265 16
999997281 4
999997285 2
999997287 1
999997288 64
999997352 16
999997368 8
999997376 4
999997380 1
999997381 64
999997445 16
999997461 2
999997463 1
999997464 4
999997468 32
999997500 2
999997502 1
999997503 32
999997535 16
999997551 8
999997559 4
999997563 64
999997627 8
999997635 4
999997639 2
999997641 1
999997642 32
999997674 8
999997682 2
999997684 2
999997686 1
999997687 64
999997751 8
999997759 32
999997791 8
999997799 1
999997800 4
999997804 2
999997806 16
999997822 8
999997830 4
999997834 32
999997866 16
999997882 8
999997890 32
999997922 8
999997930 2
999997932 8
999997940 4
999997944 1
999997945 32
999997977 16
999997993 8
999998001 4
999998005 2
999998007 1
999998008 32
999998040 4
999998044 32
999998076 4
999998080 32
999998112 16
999998128 8
999998136 4
999998140 2
999998142 32
999998174 8
999998182 1
999998183 32
999998215 16
999998231 1
999998232 64
999998296 16
999998312 8
999998320 2
999998322 32
999998354 8
999998362 4
999998366 2
999998368 1
999998369 64
999998433 2
999998435 1
999998436 16
999998452 2
999998454 1
999998455 32
999998487 4
999998491 1
999998492 64
999998556 16
999998572 8
999998580 4
999998584 1
999998585 32
999998617 8
999998625 4
999998629 1
999998630 64
999998694 32
999998726 4
999998730 32
999998762 8
999998770 64
999998834 2
999998836 1
999998837 32
999998869 8
999998877 2
999998879 1
999998880 64
999998944 2
999998946 1
999998947 32
999998979 4
999998983 64
999999047 2
999999049 32
999999081 8
999999089 4
999999093 64
999999157 2
999999159 64
999999223 8
999999231 4
999999235 8
999999243 4
999999247 1
999999248 32
999999280 8
999999288 4
999999292 64
999999356 2
999999358 1
999999359 32
999999391 16
999999407 2
999999409 1
999999410 8
999999418 1
999999419 64
999999483 32
999999515 2
999999517 64
999999581 16
999999597 4
999999601 32
999999633 16
999999649 8
999999657 64
999999721 2
999999723 1
999999724 8
999999732 4
999999736 2
999999738 1
999999739 16
999999755 16
999999771 4
999999775 2
999999777 8
999999785 4
999999789 1
999999790 64
999999854 16
999999870 8
999999878 4
999999882 2
999999884 1
999999885 4
999999889 2
999999891 64
999999955 8
999999963 2
999999965 1
999999966 16
999999982 8
999999990 4
999999994 2
999999996 1
999999997 2
999999999 1
