3878
1 1
2 1
3 3
6 1
7 7
14 14
28 1
29 29
58 1
59 59
118 1
119 119
238 238
476 476
952 1
953 953
1906 1
1907 1907
3814 3814
7628 1
7629 7629
15258 15258
30516 30516
61032 61032
122064 122064
244128 244128
488256 488256
976512 1
976513 976513
1953026 1
1953027 1953027
3906054 1
3906055 3906055
7812110 7812110
15624220 15624220
31248440 31248440
62496880 1
62496881 62496881
124993762 124993762
249987524 1
249987525 249987525
499975050 1
499975051 499975051
249987524 6
249987530 249987530
499975060 499975060
999950120 1
62496881 6
62496887 62496887
124993774 124993774
249987548 249987548
499975096 499975096
999950192 1
15624220 2
15624222 15624222
31248444 1
31248445 31248445
62496890 1
62496891 62496891
124993782 1
124993783 124993783
249987566 1
249987567 249987567
499975134 1
499975135 499975135
249987548 28
249987576 249987576
499975152 1
499975153 499975153
999950306 1
499975135 58
499975193 499975193
499975193 6
499975199 499975199
999950398 1
31248445 6
31248451 31248451
62496902 62496902
124993804 1
124993805 124993805
249987610 249987610
499975220 499975220
999950440 1
124993805 2
124993807 124993807
249987614 1
249987615 249987615
499975230 499975230
999950460 1
124993807 2
124993809 124993809
249987618 1
249987619 249987619
499975238 1
499975239 499975239
999950478 6
124993809 6
124993815 124993815
249987630 249987630
499975260 499975260
999950520 1
249987630 2
249987632 249987632
499975264 499975264
999950528 1
999950521 59
249987548 118
249987666 249987666
499975332 1
499975333 499975333
249987566 118
249987684 249987684
499975368 499975368
3906055 2
3906057 3906057
7812114 1
7812115 7812115
15624230 1
15624231 15624231
31248462 1
31248463 31248463
62496926 1
62496927 62496927
124993854 124993854
249987708 249987708
499975416 1
499975417 499975417
62496927 2
62496929 62496929
124993858 1
124993859 124993859
249987718 1
249987719 249987719
499975438 499975438
249987718 14
249987732 249987732
499975464 1
499975465 499975465
999950930 1
499975464 14
499975478 499975478
124993858 14
124993872 124993872
249987744 249987744
499975488 1
499975489 499975489
62496880 58
62496938 62496938
124993876 1
124993877 124993877
249987754 249987754
499975508 499975508
999951016 1
999951017 14
999950978 58
999950102 952
499975508 58
499975566 499975566
999951132 1
124993872 28
124993900 124993900
249987800 1
249987801 249987801
499975602 499975602
999951204 1
999951205 1
999950270 953
62496926 28
62496954 62496954
124993908 1
124993909 124993909
249987818 1
249987819 249987819
499975638 499975638
999951276 1
124993909 6
124993915 124993915
249987830 1
249987831 249987831
499975662 1
499975663 499975663
999950399 952
249987614 238
249987852 249987852
499975704 499975704
999951408 28
7812115 6
7812121 7812121
15624242 15624242
31248484 1
31248485 31248485
62496970 62496970
124993940 1
124993941 124993941
249987882 249987882
499975764 1
499975765 499975765
999951530 1
124993941 2
124993943 124993943
249987886 1
249987887 249987887
499975774 1
499975775 499975775
62496970 6
62496976 62496976
124993952 1
124993953 124993953
249987906 249987906
499975812 499975812
249987882 28
249987910 249987910
499975820 1
499975821 499975821
124993953 7
124993960 124993960
249987920 1
249987921 249987921
499975842 499975842
249987920 6
249987926 249987926
499975852 1
499975853 499975853
999951684 118
999951642 238
999951880 6
999950978 953
62496938 58
62496996 62496996
124993992 1
124993993 124993993
249987986 249987986
499975972 1
499975973 499975973
62496996 6
62497002 62497002
124994004 124994004
249988008 249988008
499976016 499976016
999952032 1
499975820 238
499976058 499976058
62496954 58
62497012 62497012
124994024 124994024
249988048 249988048
499976096 499976096
999952192 1
7812121 6
7812127 7812127
15624254 15624254
31248508 31248508
62497016 1
62497017 62497017
124994034 1
124994035 124994035
249988070 249988070
499976140 499976140
999952280 1
499976058 119
499976177 499976177
999952354 1
999952354 58
999952412 1
249987886 238
249988124 249988124
499976248 499976248
999952496 1
124993952 118
124994070 124994070
249988140 249988140
499976280 1
499976281 499976281
999952562 1
499976281 28
499976309 499976309
124994024 58
124994082 124994082
249988164 1
249988165 249988165
499976330 499976330
31248463 58
31248521 31248521
62497042 1
62497043 62497043
124994086 1
124994087 124994087
249988174 249988174
499976348 1
499976349 499976349
999952698 1
62496929 118
62497047 62497047
124994094 1
124994095 124994095
249988190 1
249988191 249988191
499976382 499976382
249988191 2
249988193 249988193
499976386 1
499976387 499976387
124994094 14
124994108 124994108
249988216 249988216
499976432 1
499976433 499976433
124994108 6
124994114 124994114
249988228 1
249988229 249988229
499976458 1
499976459 499976459
999952918 1
124994095 28
124994123 124994123
249988246 1
249988247 249988247
499976494 1
499976495 499976495
999952990 1
249988246 14
249988260 249988260
499976520 1
499976521 499976521
124994108 28
124994136 124994136
249988272 249988272
499976544 1
499976545 499976545
999953090 1
124994136 6
124994142 124994142
249988284 1
249988285 249988285
499976570 1
499976571 499976571
999952990 238
499975704 952
499976656 499976656
31248484 58
31248542 31248542
62497084 62497084
124994168 1
124994169 124994169
249988338 1
249988339 249988339
499976678 1
499976679 499976679
999952918 476
62497084 6
62497090 62497090
124994180 124994180
249988360 249988360
499976720 499976720
499976520 238
499976758 499976758
999953516 1
124994142 58
124994200 124994200
249988400 1
249988401 249988401
499976802 1
499976803 499976803
999953606 1
62497047 58
62497105 62497105
124994210 1
124994211 124994211
249988422 1
249988423 249988423
499976846 499976846
7812110 28
7812138 7812138
15624276 1
15624277 15624277
31248554 31248554
62497108 1
62497109 62497109
124994218 1
124994219 124994219
249988438 1
249988439 249988439
499976878 1
499976879 499976879
999953758 1
499975973 952
499976925 499976925
999953850 1
999950121 3814
31248445 118
31248563 31248563
62497126 62497126
124994252 1
124994253 124994253
249988506 249988506
499977012 1
499977013 499977013
249988506 6
249988512 249988512
499977024 499977024
999954026 59
124994034 238
124994272 124994272
249988544 1
249988545 249988545
499977090 1
499977091 499977091
999954182 1
249988512 58
249988570 249988570
499977140 1
499977141 499977141
999954282 6
7812115 28
7812143 7812143
15624286 15624286
31248572 1
31248573 31248573
62497146 1
62497147 62497147
124994294 1
124994295 124994295
249988590 249988590
499977180 499977180
999954360 1
249988590 6
249988596 249988596
499977192 499977192
499977180 28
499977208 499977208
999954416 1
62497147 6
62497153 62497153
124994306 124994306
249988612 249988612
499977224 499977224
999954448 1
249987684 952
249988636 249988636
499977272 499977272
124994211 118
124994329 124994329
249988658 249988658
499977316 1
499977317 499977317
999954634 1
124994306 28
124994334 124994334
249988668 249988668
499977336 499977336
499977140 238
499977378 499977378
999954756 1
62497147 28
62497175 62497175
124994350 1
124994351 124994351
249988702 249988702
499977404 499977404
249988702 6
249988708 249988708
499977416 499977416
999954832 1
999951054 3814
124994334 28
124994362 124994362
249988724 249988724
499977448 1
499977449 499977449
999954898 1
124994252 118
124994370 124994370
249988740 1
249988741 249988741
499977482 499977482
999954964 1
999954964 14
999951205 3814
999951277 3814
7812143 6
7812149 7812149
15624298 1
15624299 15624299
31248598 31248598
62497196 1
62497197 62497197
124994394 124994394
249988788 1
249988789 249988789
499977578 499977578
62497196 6
62497202 62497202
124994404 1
124994405 124994405
249988810 1
249988811 249988811
499977622 1
499977623 499977623
999954833 476
124994404 14
124994418 124994418
249988836 1
249988837 249988837
499977674 499977674
124994370 58
124994428 124994428
249988856 1
249988857 249988857
499977714 499977714
999955428 1
999951684 3814
999955498 7
124994418 28
124994446 124994446
249988892 1
249988893 249988893
499977786 499977786
999955572 1
999955573 2
249988892 6
249988898 249988898
499977796 499977796
999955428 238
999955666 3
124994350 118
124994468 124994468
249988936 249988936
499977872 1
499977873 499977873
999955746 1
499977872 28
499977900 499977900
7812149 6
7812155 7812155
15624310 15624310
31248620 31248620
62497240 1
62497241 62497241
124994482 1
124994483 124994483
249988966 1
249988967 249988967
499977934 499977934
62497241 6
62497247 62497247
124994494 124994494
249988988 1
249988989 249988989
499977978 1
499977979 499977979
999955958 1
62497247 2
62497249 62497249
124994498 1
124994499 124994499
249988998 249988998
499977996 499977996
999955992 1
999954183 1906
999956089 29
124994498 28
124994526 124994526
249989052 1
249989053 249989053
499978106 1
499978107 499978107
15624310 6
15624316 15624316
31248632 1
31248633 31248633
62497266 1
62497267 62497267
124994534 1
124994535 124994535
249989070 1
249989071 249989071
499978142 1
499978143 499978143
999956286 1
499978143 6
499978149 499978149
999952563 3814
499976309 1906
499978215 499978215
999956430 1
999956431 14
499978106 118
499978224 499978224
999956448 1
1953026 14
1953040 1953040
3906080 3906080
7812160 7812160
15624320 15624320
31248640 1
31248641 31248641
62497282 1
62497283 62497283
124994566 124994566
249989132 249989132
499978264 499978264
999956528 1
999956529 28
999956557 7
62497282 6
62497288 62497288
124994576 1
124994577 124994577
249989154 249989154
499978308 499978308
999956616 1
124994468 118
124994586 124994586
249989172 1
249989173 249989173
499978346 1
499978347 499978347
499978347 6
499978353 499978353
249988229 952
249989181 249989181
499978362 1
499978363 499978363
249988246 952
249989198 249989198
499978396 499978396
499978363 58
499978421 499978421
499978347 118
499978465 499978465
62497283 28
62497311 62497311
124994622 1
124994623 124994623
249989246 1
249989247 249989247
499978494 1
499978495 499978495
999955156 1907
499978495 58
499978553 499978553
999957106 1
999953312 3814
124994623 28
124994651 124994651
249989302 249989302
499978604 499978604
999957208 1
499978495 119
499978614 499978614
999957228 1
999956298 952
7812160 6
7812166 7812166
15624332 1
15624333 15624333
31248666 1
31248667 31248667
62497334 62497334
124994668 124994668
249989336 1
249989337 249989337
499978674 499978674
999957348 1
999956449 953
499978604 118
499978722 499978722
999957444 1
999957402 59
62497288 58
62497346 62497346
124994692 124994692
249989384 249989384
499978768 499978768
999957536 1
7812166 2
7812168 7812168
15624336 1
15624337 15624337
31248674 1
31248675 31248675
62497350 62497350
124994700 124994700
249989400 249989400
499978800 499978800
249989172 238
249989410 249989410
499978820 1
499978821 499978821
999957642 1
999957643 6
124994651 58
124994709 124994709
249989418 249989418
499978836 1
499978837 499978837
999957674 1
999957229 476
999957705 29
999957537 238
62497247 119
62497366 62497366
124994732 1
124994733 124994733
249989466 1
249989467 249989467
499978934 1
499978935 499978935
999957675 238
499978935 28
499978963 499978963
999950386 7628
249987614 1906
249989520 249989520
499979040 499979040
499977180 1906
499979086 499979086
999958172 1
31248667 28
31248695 31248695
62497390 62497390
124994780 124994780
249989560 1
249989561 249989561
499979122 499979122
249989520 58
249989578 249989578
499979156 499979156
249989578 2
249989580 249989580
499979160 499979160
31248641 58
31248699 31248699
62497398 1
62497399 62497399
124994798 124994798
249989596 1
249989597 249989597
499979194 1
499979195 499979195
999958390 29
499977336 1907
499979243 499979243
999958486 1
499977378 1906
499979284 499979284
249988708 952
249989660 249989660
499979320 1
499979321 499979321
7812149 28
7812177 7812177
15624354 15624354
31248708 31248708
62497416 1
62497417 62497417
124994834 124994834
249989668 249989668
499979336 499979336
31248708 2
31248710 31248710
62497420 1
62497421 62497421
124994842 124994842
249989684 1
249989685 249989685
499979370 1
499979371 499979371
999958742 1
999958743 3
249989466 238
249989704 249989704
499979408 499979408
999951276 7628
7812177 2
7812179 7812179
15624358 1
15624359 15624359
31248718 31248718
62497436 1
62497437 62497437
124994874 124994874
249989748 1
249989749 249989749
499979498 1
499979499 499979499
62497436 6
62497442 62497442
124994884 1
124994885 124994885
249989770 249989770
499979540 499979540
499977674 1907
499979581 499979581
999959162 1
124993953 952
124994905 124994905
249989810 1
249989811 249989811
499979622 499979622
62497399 58
62497457 62497457
124994914 1
124994915 124994915
249989830 1
249989831 249989831
499979662 1
499979663 499979663
999959326 1
999957444 1906
999959350 29
999959379 58
124994874 58
124994932 124994932
249989864 249989864
499979728 499979728
999959456 1
249989811 58
249989869 249989869
499979738 499979738
999959476 1
999959457 58
999957643 1906
62497416 58
62497474 62497474
124994948 124994948
249989896 249989896
499979792 499979792
249988008 1907
249989915 249989915
499979830 1
499979831 499979831
999959662 1
999952116 7628
249989830 118
249989948 249989948
499979896 1
499979897 499979897
999959794 1
15624358 14
15624372 15624372
31248744 1
31248745 31248745
62497490 1
62497491 62497491
124994982 1
124994983 124994983
249989966 1
249989967 249989967
499979934 1
499979935 499979935
249989966 6
249989972 249989972
499979944 499979944
499979498 476
499979974 499979974
62497474 28
62497502 62497502
124995004 1
124995005 124995005
249990010 1
249990011 249990011
499980022 1
499980023 499980023
999960046 1
249989915 118
249990033 249990033
499980066 499980066
999960132 1
249990033 6
249990039 249990039
499980078 499980078
999960156 1
999960156 28
999959794 476
499979934 238
499980172 499980172
999960344 1
999959457 952
15624354 28
15624382 15624382
31248764 31248764
62497528 1
62497529 62497529
124995058 1
124995059 124995059
249990118 1
249990119 249990119
499980238 1
499980239 499980239
62497528 6
62497534 62497534
124995068 1
124995069 124995069
249990138 1
249990139 249990139
499980278 1
499980279 499980279
499980279 7
499980286 499980286
999960572 1
999960409 238
499980279 58
499980337 499980337
999953091 7629
124995069 28
124995097 124995097
249990194 249990194
499980388 499980388
999960572 238
249990194 28
249990222 249990222
499980444 1
499980445 499980445
999960478 476
249990138 118
249990256 249990256
499980512 1
499980513 499980513
999961026 59
62497334 238
62497572 62497572
124995144 1
124995145 124995145
249990290 1
249990291 249990291
499980582 1
499980583 499980583
999961166 1
999959326 1906
15624337 58
15624395 15624395
31248790 1
31248791 31248791
62497582 1
62497583 62497583
124995166 124995166
249990332 249990332
499980664 1
499980665 499980665
999961330 1
124994219 952
124995171 124995171
249990342 1
249990343 249990343
499980686 499980686
999961372 1
499980686 28
499980714 499980714
499980664 58
499980722 499980722
31248791 6
31248797 31248797
62497594 1
62497595 62497595
124995190 1
124995191 124995191
249990382 249990382
499980764 1
499980765 499980765
999961530 1
124995144 58
124995202 124995202
249990404 1
249990405 249990405
499980810 499980810
999961620 1
31248744 58
31248802 31248802
62497604 1
62497605 62497605
124995210 1
124995211 124995211
249990422 249990422
499980844 1
499980845 499980845
999961690 1
999959870 1907
999959948 1906
62497604 14
62497618 62497618
124995236 1
124995237 124995237
249990474 1
249990475 249990475
499980950 499980950
249990010 476
249990486 249990486
499980972 499980972
499979086 1906
499980992 499980992
124994306 952
124995258 124995258
249990516 249990516
499981032 1
499981033 499981033
499979160 1906
499981066 499981066
999962132 59
499980664 476
499981140 499981140
999962280 1
999962132 238
999954757 7629
62497594 58
62497652 62497652
124995304 1
124995305 124995305
249990610 249990610
499981220 1
499981221 499981221
999962442 1
999954899 7628
62497605 58
62497663 62497663
124995326 1
124995327 124995327
249990654 1
249990655 249990655
499981310 1
499981311 499981311
999962622 2
999962527 119
124995326 14
124995340 124995340
249990680 1
249990681 249990681
499981362 499981362
999962724 6
999962724 29
62497618 58
62497676 62497676
124995352 1
124995353 124995353
249990706 1
249990707 249990707
499981414 1
499981415 499981415
249990707 2
249990709 249990709
499981418 1
499981419 499981419
999962838 1
999962838 28
999962830 119
999961085 1907
124995327 58
124995385 124995385
249990770 1
249990771 249990771
499981542 1
499981543 499981543
499981543 7
499981550 499981550
999963100 1
31248790 58
31248848 31248848
62497696 1
62497697 62497697
124995394 1
124995395 124995395
249990790 1
249990791 249990791
499981582 1
499981583 499981583
999963101 118
999963219 58
124994468 952
124995420 124995420
249990840 1
249990841 249990841
499981682 499981682
999963364 1
249990841 6
249990847 249990847
499981694 499981694
999963388 1
999963365 59
124995191 238
124995429 124995429
249990858 1
249990859 249990859
499981718 1
499981719 499981719
999963438 1
249990859 6
249990865 249990865
499981730 499981730
999963460 1
499981730 28
499981758 499981758
62497663 58
62497721 62497721
124995442 124995442
249990884 249990884
499981768 499981768
999963536 1
499977978 3814
499981792 499981792
999963364 238
249990791 118
249990909 249990909
499981818 1
499981819 499981819
999963638 1
999963639 28
3906080 28
3906108 3906108
7812216 7812216
15624432 1
15624433 15624433
31248866 31248866
62497732 1
62497733 62497733
124995466 1
124995467 124995467
249990934 249990934
499981868 499981868
499981792 118
499981910 499981910
999963820 29
249990858 118
249990976 249990976
499981952 1
499981953 499981953
999960133 3814
7812216 2
7812218 7812218
15624436 1
15624437 15624437
31248874 31248874
62497748 62497748
124995496 1
124995497 124995497
249990994 1
249990995 249990995
499981990 1
499981991 499981991
999963982 1
31248874 2
31248876 31248876
62497752 1
62497753 62497753
124995506 1
124995507 124995507
249991014 1
249991015 249991015
499982030 1
499982031 499982031
999964062 1
249990976 58
249991034 249991034
499982068 1
499982069 499982069
999964138 1
124994576 952
124995528 124995528
249991056 249991056
499982112 499982112
249989154 1906
249991060 249991060
499982120 499982120
62497652 118
62497770 62497770
124995540 1
124995541 124995541
249991082 249991082
499982164 499982164
999963439 953
15624437 6
15624443 15624443
31248886 1
31248887 31248887
62497774 1
62497775 62497775
124995550 1
124995551 124995551
249991102 249991102
499982204 1
499982205 499982205
249990995 118
249991113 249991113
499982226 499982226
999964452 58
124995540 28
124995568 124995568
249991136 249991136
499982272 499982272
999964544 1
62497774 14
62497788 62497788
124995576 1
124995577 124995577
249991154 1
249991155 249991155
499982310 499982310
999964620 1
499980445 1906
499982351 499982351
999964702 1
999964621 118
124995541 58
124995599 124995599
249991198 249991198
499982396 499982396
999964792 1
999964793 58
999964703 238
124995506 118
124995624 124995624
249991248 249991248
499982496 1
499982497 499982497
999957445 7629
249991248 28
249991276 249991276
499982552 1
499982553 499982553
999965106 1
999965074 59
124994692 952
124995644 124995644
249991288 1
249991289 249991289
499982578 499982578
499980722 1906
499982628 499982628
124995550 118
124995668 124995668
249991336 1
249991337 249991337
499982674 499982674
999965348 1
249991288 58
249991346 249991346
499982692 1
499982693 499982693
999965386 1
124994733 952
124995685 124995685
249991370 249991370
499982740 1
499982741 499982741
999965482 1
249987566 3814
249991380 249991380
499982760 499982760
999965520 1
999965349 238
249991288 118
249991406 249991406
499982812 1
499982813 499982813
499982813 2
499982815 499982815
999965630 1
999965626 58
999965626 119
31248874 58
31248932 31248932
62497864 1
62497865 62497865
124995730 124995730
249991460 249991460
499982920 499982920
999965840 1
999964941 953
499982496 476
499982972 499982972
999965944 1
999965945 59
499975417 7628
499983045 499983045
999966090 1
7812177 58
7812235 7812235
15624470 15624470
31248940 1
31248941 31248941
62497882 1
62497883 62497883
124995766 1
124995767 124995767
249991534 1
249991535 249991535
499983070 499983070
999966140 1
499983070 6
499983076 499983076
999966152 14
124995541 238
124995779 124995779
249991558 1
249991559 249991559
499983118 1
499983119 499983119
999966238 1
124995730 58
124995788 124995788
249991576 249991576
499983152 499983152
499983076 118
499983194 499983194
249991558 58
249991616 249991616
499983232 1
499983233 499983233
999966239 238
999951223 15258
499983232 14
499983246 499983246
999966492 1
999966492 58
499981414 1906
499983320 499983320
999966640 1
7812121 118
7812239 7812239
15624478 1
15624479 15624479
31248958 31248958
62497916 62497916
124995832 124995832
249991664 1
249991665 249991665
499983330 499983330
999966660 1
999966641 119
15624479 2
15624481 15624481
31248962 31248962
62497924 1
62497925 62497925
124995850 1
124995851 124995851
249991702 249991702
499983404 1
499983405 499983405
999966810 1
249991665 58
249991723 249991723
499983446 499983446
999966892 1
499983404 58
499983462 499983462
249989830 1906
249991736 249991736
499983472 499983472
999966924 118
249991665 118
249991783 249991783
499983566 499983566
999967132 1
249990841 952
249991793 249991793
499983586 499983586
999967172 1
124995850 58
124995908 124995908
249991816 249991816
499983632 499983632
999967264 1
999966810 476
124995908 6
124995914 124995914
249991828 1
249991829 249991829
499983658 1
499983659 499983659
999967318 1
15624432 58
15624490 15624490
31248980 1
31248981 31248981
62497962 62497962
124995924 1
124995925 124995925
249991850 249991850
499983700 1
499983701 499983701
999967402 1
999963638 3814
999959888 7628
999959948 7628
249991793 118
249991911 249991911
499983822 499983822
999967644 1
999967576 118
124995908 58
124995966 124995966
249991932 1
249991933 249991933
499983866 1
499983867 499983867
999967694 119
124994082 1906
124995988 124995988
249991976 249991976
499983952 1
499983953 499983953
999967906 1
499983866 118
499983984 499983984
999967968 1
62497047 952
62497999 62497999
124995998 124995998
249991996 249991996
499983992 499983992
249991996 7
249992003 249992003
499984006 1
499984007 499984007
499976387 7628
499984015 499984015
999968030 1
62497528 476
62498004 62498004
124996008 1
124996009 124996009
249992018 1
249992019 249992019
499984038 499984038
62498004 2
62498006 62498006
124996012 1
124996013 124996013
249992026 1
249992027 249992027
499984054 1
499984055 499984055
249992026 14
249992040 249992040
499984080 1
499984081 499984081
499984081 28
499984109 499984109
999968218 1
249992018 58
249992076 249992076
499984152 1
499984153 499984153
999968306 1
249992040 58
249992098 249992098
499984196 499984196
999968392 14
999968030 476
999967576 952
249992019 118
249992137 249992137
499984274 499984274
999968548 1
249992098 58
249992156 249992156
499984312 1
499984313 499984313
999968626 1
31248962 58
31249020 31249020
62498040 1
62498041 62498041
124996082 124996082
249992164 249992164
499984328 1
499984329 499984329
499984313 28
499984341 499984341
999968682 1
31249020 2
31249022 31249022
62498044 1
62498045 62498045
124996090 124996090
249992180 249992180
499984360 1
499984361 499984361
999968722 1
249992180 6
249992186 249992186
499984372 1
499984373 499984373
999968746 1
249990291 1906
249992197 249992197
499984394 499984394
499984394 2
499984396 499984396
999968683 118
999968658 238
249990343 1906
249992249 249992249
499984498 499984498
999961373 7628
62498040 28
62498068 62498068
124996136 124996136
249992272 1
249992273 249992273
499984546 499984546
124996090 58
124996148 124996148
249992296 1
249992297 249992297
499984594 499984594
999968306 952
249992296 28
249992324 249992324
499984648 1
499984649 499984649
999969298 1
122064 2
122066 122066
244132 1
244133 244133
488266 488266
976532 976532
1953064 1
1953065 1953065
3906130 3906130
7812260 7812260
15624520 15624520
31249040 1
31249041 31249041
62498082 1
62498083 62498083
124996166 1
124996167 124996167
249992334 249992334
499984668 499984668
999969336 14
124994272 1906
124996178 124996178
249992356 1
249992357 249992357
499984714 1
499984715 499984715
999969430 1
999968528 953
999969481 3
999961900 7628
499984546 238
499984784 499984784
999969568 1
124996082 119
124996201 124996201
249992402 1
249992403 249992403
499984806 1
499984807 499984807
999969614 1
999969614 14
999969628 29
249992402 28
249992430 249992430
499984860 1
499984861 499984861
999969722 1
999966004 3814
62497999 118
62498117 62498117
124996234 124996234
249992468 1
249992469 249992469
499984938 1
499984939 499984939
999969001 953
499983119 1906
499985025 499985025
999970050 1
7812260 6
7812266 7812266
15624532 15624532
31249064 1
31249065 31249065
62498130 62498130
124996260 1
124996261 124996261
249992522 1
249992523 249992523
499985046 1
499985047 499985047
62498130 6
62498136 62498136
124996272 1
124996273 124996273
249992546 1
249992547 249992547
499985094 499985094
999970188 1
499983232 1906
499985138 499985138
999969878 476
124995352 952
124996304 124996304
249992608 249992608
499985216 499985216
124996304 6
124996310 124996310
249992620 249992620
499985240 1
499985241 499985241
499977623 7628
499985251 499985251
249992608 28
249992636 249992636
499985272 499985272
999970482 119
124996272 58
124996330 124996330
249992660 1
249992661 249992661
499985322 1
499985323 499985323
999970646 1
1953065 2
1953067 1953067
3906134 1
3906135 3906135
7812270 1
7812271 7812271
15624542 15624542
31249084 1
31249085 31249085
62498170 62498170
124996340 124996340
249992680 1
249992681 249992681
499985362 499985362
249992681 2
249992683 249992683
499985366 1
499985367 499985367
999970646 118
249990790 1906
249992696 249992696
499985392 1
499985393 499985393
124996330 28
124996358 124996358
249992716 1
249992717 249992717
499985434 1
499985435 499985435
999970870 1
249992680 58
249992738 249992738
499985476 1
499985477 499985477
31249085 7
31249092 31249092
62498184 1
62498185 62498185
124996370 1
124996371 124996371
249992742 1
249992743 249992743
499985486 1
499985487 499985487
999970974 1
249992522 238
249992760 249992760
499985520 1
499985521 499985521
999970975 119
249992738 58
249992796 249992796
499985592 1
499985593 499985593
999970764 476
999971094 238
999969431 1906
499985592 118
499985710 499985710
999971420 1
499985520 238
499985758 499985758
999971516 58
31249085 28
31249113 31249113
62498226 1
62498227 62498227
124996454 1
124996455 124996455
249992910 1
249992911 249992911
499985822 1
499985823 499985823
999971646 1
999971646 28
999964139 7629
124996358 118
124996476 124996476
249992952 249992952
499985904 499985904
999971808 1
499985904 28
499985932 499985932
124995540 952
124996492 124996492
249992984 249992984
499985968 1
499985969 499985969
999971938 1
62498130 118
62498248 62498248
124996496 1
124996497 124996497
249992994 249992994
499985988 1
499985989 499985989
999971808 238
249991113 1907
249993020 249993020
499986040 1
499986041 499986041
3906135 6
3906141 3906141
7812282 7812282
15624564 15624564
31249128 31249128
62498256 1
62498257 62498257
124996514 1
124996515 124996515
249993030 1
249993031 249993031
499986062 1
499986063 499986063
999972126 1
499985969 118
499986087 499986087
999972174 1
15624564 2
15624566 15624566
31249132 1
31249133 31249133
62498266 62498266
124996532 1
124996533 124996533
249993066 1
249993067 249993067
499986134 1
499986135 499986135
124996515 28
124996543 124996543
249993086 1
249993087 249993087
499986174 1
499986175 499986175
999972350 1
999971421 952
499986174 58
499986232 499986232
999972464 1
499986232 6
499986238 499986238
999968747 3814
499984396 1906
499986302 499986302
999972604 1
31249132 14
31249146 31249146
62498292 62498292
124996584 124996584
249993168 249993168
499986336 499986336
124996476 119
124996595 124996595
249993190 1
249993191 249993191
499986382 1
499986383 499986383
999972766 1
62498184 118
62498302 62498302
124996604 124996604
249993208 249993208
499986416 499986416
999972832 1
499985487 952
499986439 499986439
124996604 6
124996610 124996610
249993220 1
249993221 249993221
499986442 1
499986443 499986443
999972886 1
499986443 28
499986471 499986471
999972942 3
124996595 28
124996623 124996623
249993246 249993246
499986492 1
499986493 499986493
999972127 952
31249133 28
31249161 31249161
62498322 1
62498323 62498323
124996646 1
124996647 124996647
249993294 249993294
499986588 499986588
999973176 1
124996647 6
124996653 124996653
249993306 1
249993307 249993307
499986614 1
499986615 499986615
999973230 1
999973231 58
249993307 28
249993335 249993335
499986670 499986670
1953067 6
1953073 1953073
3906146 3906146
7812292 7812292
15624584 15624584
31249168 1
31249169 31249169
62498338 1
62498339 62498339
124996678 1
124996679 124996679
249993358 249993358
499986716 499986716
124996678 6
124996684 124996684
249993368 1
249993369 249993369
499986738 1
499986739 499986739
999965894 7629
249993335 58
249993393 249993393
499986786 1
499986787 499986787
999973574 1
999972672 953
999973575 119
62497882 476
62498358 62498358
124996716 124996716
249993432 1
249993433 249993433
499986866 1
499986867 499986867
499986866 14
499986880 499986880
999973760 58
62497417 952
62498369 62498369
124996738 1
124996739 124996739
249993478 1
249993479 249993479
499986958 499986958
62498369 6
62498375 62498375
124996750 1
124996751 124996751
249993502 249993502
499987004 499987004
499985138 1906
499987044 499987044
124996739 28
124996767 124996767
249993534 249993534
499987068 1
499987069 499987069
999974138 1
62497436 952
62498388 62498388
124996776 124996776
249993552 1
249993553 249993553
499987106 499987106
499987068 58
499987126 499987126
999973340 953
999974252 119
249993478 118
249993596 249993596
499987192 1
499987193 499987193
999974386 1
999973523 952
499987192 58
499987250 499987250
999974500 1
124994914 1906
124996820 124996820
249993640 1
249993641 249993641
499987282 1
499987283 499987283
1953073 2
1953075 1953075
3906150 3906150
7812300 1
7812301 7812301
15624602 1
15624603 15624603
31249206 1
31249207 31249207
62498414 62498414
124996828 1
124996829 124996829
249993658 249993658
499987316 499987316
249993658 7
249993665 249993665
499987330 1
499987331 499987331
124996828 14
124996842 124996842
249993684 1
249993685 249993685
499987370 499987370
999974740 1
999970974 3814
499986492 952
499987444 499987444
499987444 28
499987472 499987472
124995925 952
124996877 124996877
249993754 1
249993755 249993755
499987510 1
499987511 499987511
999975022 1
124996829 58
124996887 124996887
249993774 1
249993775 249993775
499987550 499987550
249993774 6
249993780 249993780
499987560 499987560
999975120 29
15624584 28
15624612 15624612
31249224 31249224
62498448 1
62498449 62498449
124996898 124996898
249993796 249993796
499987592 499987592
999975184 1
124996898 2
124996900 124996900
249993800 249993800
499987600 499987600
999975200 1
999974741 476
249991911 1906
249993817 249993817
499987634 1
499987635 499987635
249993800 28
249993828 249993828
499987656 1
499987657 499987657
249993780 58
249993838 249993838
499987676 499987676
999975352 1
124996454 476
124996930 124996930
249993860 1
249993861 249993861
499987722 1
499987723 499987723
999967906 7628
499987657 119
499987776 499987776
999975552 1
999975534 28
999975185 476
249992018 1906
249993924 249993924
499987848 499987848
999975696 1
999975553 238
999975352 476
499986040 1906
499987946 499987946
999975892 1
999974008 1906
499980337 7628
499987965 499987965
999975930 1
999975828 118
999968392 7628
31249224 28
31249252 31249252
62498504 1
62498505 62498505
124997010 1
124997011 124997011
249994022 1
249994023 249994023
499988046 499988046
999976092 1
499986175 1906
499988081 499988081
249994023 28
249994051 249994051
499988102 499988102
999976204 1
999972465 3814
999976205 118
15624602 28
15624630 15624630
31249260 1
31249261 31249261
62498522 62498522
124997044 124997044
249994088 1
249994089 249994089
499988178 499988178
999976356 1
999976357 3
31249261 2
31249263 31249263
62498526 1
62498527 62498527
124997054 1
124997055 124997055
249994110 1
249994111 249994111
499988222 1
499988223 499988223
499988223 28
499988251 499988251
124996828 238
124997066 124997066
249994132 249994132
499988264 499988264
999976528 1
31249261 7
31249268 31249268
62498536 1
62498537 62498537
124997074 124997074
249994148 1
249994149 249994149
499988298 499988298
249994149 2
249994151 249994151
499988302 1
499988303 499988303
999976606 14
499988264 58
499988322 499988322
999976644 1
124997055 28
124997083 124997083
249994166 249994166
499988332 1
499988333 499988333
249994148 28
249994176 249994176
499988352 1
499988353 499988353
62497594 952
62498546 62498546
124997092 124997092
249994184 249994184
499988368 499988368
999976736 1
249994148 58
249994206 249994206
499988412 1
499988413 499988413
124997055 58
124997113 124997113
249994226 1
249994227 249994227
499988454 1
499988455 499988455
124997066 58
124997124 124997124
249994248 249994248
499988496 1
499988497 499988497
249993307 952
249994259 249994259
499988518 1
499988519 499988519
999977038 1
124997113 28
124997141 124997141
249994282 249994282
499988564 1
499988565 499988565
999977130 1
249994248 58
249994306 249994306
499988612 1
499988613 499988613
999977226 1
249994206 118
249994324 249994324
499988648 499988648
124997113 58
124997171 124997171
249994342 1
249994343 249994343
499988686 499988686
999977372 1
1953073 7
1953080 1953080
3906160 1
3906161 3906161
7812322 1
7812323 7812323
15624646 1
15624647 15624647
31249294 31249294
62498588 1
62498589 62498589
124997178 1
124997179 124997179
249994358 249994358
499988716 1
499988717 499988717
999977434 1
124997178 6
124997184 124997184
249994368 1
249994369 249994369
499988738 499988738
999977476 1
249993433 952
249994385 249994385
499988770 499988770
499987848 952
499988800 499988800
124997092 118
124997210 124997210
249994420 1
249994421 249994421
499988842 499988842
999977296 476
249994343 118
249994461 249994461
499988922 499988922
999977844 1
999977845 3
499988842 118
499988960 499988960
999977920 1
124997184 58
124997242 124997242
249994484 249994484
499988968 1
499988969 499988969
124995340 1906
124997246 124997246
249994492 249994492
499988984 1
499988985 499988985
999977970 28
999977772 238
7812322 6
7812328 7812328
15624656 15624656
31249312 1
31249313 31249313
62498626 1
62498627 62498627
124997254 124997254
249994508 249994508
499989016 499989016
249994461 58
249994519 249994519
499989038 1
499989039 499989039
999978078 1
999978078 6
124997242 28
124997270 124997270
249994540 1
249994541 249994541
499989082 1
499989083 499989083
999978166 1
999978166 28
999962992 15258
999978032 238
999978270 59
499981543 7629
499989172 499989172
999978344 1
999978329 58
62498626 28
62498654 62498654
124997308 124997308
249994616 249994616
499989232 1
499989233 499989233
499989232 28
499989260 499989260
249993684 952
249994636 249994636
499989272 1
499989273 499989273
124997270 58
124997328 124997328
249994656 1
249994657 249994657
499989314 1
499989315 499989315
3906160 6
3906166 3906166
7812332 1
7812333 7812333
15624666 1
15624667 15624667
31249334 31249334
62498668 1
62498669 62498669
124997338 124997338
249994676 1
249994677 249994677
499989354 1
499989355 499989355
999978710 1
499989354 14
499989368 499989368
62497721 952
62498673 62498673
124997346 124997346
249994692 249994692
499989384 1
499989385 499989385
999978770 1
249994676 28
249994704 249994704
499989408 1
499989409 499989409
499989385 28
499989413 499989413
499987511 1906
499989417 499989417
999978834 1
999978834 28
499989413 28
499989441 499989441
999978882 1
124997254 118
124997372 124997372
249994744 249994744
499989488 1
499989489 499989489
999978978 1
124997372 6
124997378 124997378
249994756 249994756
499989512 499989512
999979024 1
499989489 58
499989547 499989547
999979094 1
999979095 28
15624667 7
15624674 15624674
31249348 1
31249349 31249349
62498698 1
62498699 62498699
124997398 124997398
249994796 1
249994797 249994797
499989594 1
499989595 499989595
999979190 3
999979193 2
499989408 238
499989646 499989646
999979292 1
499987776 1906
499989682 499989682
999979364 1
7812333 6
7812339 7812339
15624678 1
15624679 15624679
31249358 31249358
62498716 62498716
124997432 124997432
249994864 1
249994865 249994865
499989730 499989730
999979460 1
124996492 952
124997444 124997444
249994888 1
249994889 249994889
499989778 499989778
999979556 2
62498698 28
62498726 62498726
124997452 124997452
249994904 249994904
499989808 1
499989809 499989809
124997432 28
124997460 124997460
249994920 1
249994921 249994921
499989842 499989842
124997444 28
124997472 124997472
249994944 249994944
499989888 499989888
15624678 6
15624684 15624684
31249368 1
31249369 31249369
62498738 62498738
124997476 1
124997477 124997477
249994954 249994954
499989908 1
499989909 499989909
999979818 1
999977938 1907
124997476 14
124997490 124997490
249994980 1
249994981 249994981
499989962 499989962
999979924 1
499989909 58
499989967 499989967
999979934 1
249993087 1906
249994993 249994993
499989986 499989986
999972373 7629
999979558 476
499989809 238
499990047 499990047
999980094 1
999976323 3814
31249263 118
31249381 31249381
62498762 1
62498763 62498763
124997526 1
124997527 124997527
249995054 249995054
499990108 499990108
999980216 1
124997527 6
124997533 124997533
249995066 249995066
499990132 499990132
999979365 953
999980318 2
999980320 1
499982552 7628
499990180 499990180
999980360 1
249994981 118
249995099 249995099
499990198 1
499990199 499990199
15624666 28
15624694 15624694
31249388 1
31249389 31249389
62498778 1
62498779 62498779
124997558 124997558
249995116 249995116
499990232 1
499990233 499990233
999980466 1
124997558 2
124997560 124997560
249995120 1
249995121 249995121
499990242 499990242
999980484 1
999980467 59
999980526 3
499990233 58
499990291 499990291
999980582 1
62498762 28
62498790 62498790
124997580 1
124997581 124997581
249995162 249995162
499990324 1
499990325 499990325
124997581 2
124997583 124997583
249995166 249995166
499990332 1
499990333 499990333
249987548 7629
249995177 249995177
499990354 1
499990355 499990355
999980710 1
124997580 14
124997594 124997594
249995188 249995188
499990376 1
499990377 499990377
249994248 952
249995200 249995200
499990400 499990400
499990376 58
499990434 499990434
999980868 1
999980868 14
62498779 28
62498807 62498807
124997614 1
124997615 124997615
249995230 249995230
499990460 1
499990461 499990461
999980922 1
31249348 58
31249406 31249406
62498812 62498812
124997624 124997624
249995248 1
249995249 249995249
499990498 499990498
999979123 1907
999980137 953
499990461 118
499990579 499990579
999981158 1
499989646 952
499990598 499990598
999981196 1
31248463 952
31249415 31249415
62498830 1
62498831 62498831
124997662 124997662
249995324 249995324
499990648 499990648
62498807 28
62498835 62498835
124997670 1
124997671 124997671
249995342 1
249995343 249995343
499990686 499990686
999981372 6
62498812 28
62498840 62498840
124997680 1
124997681 124997681
249995362 249995362
499990724 499990724
999951017 30516
124997583 118
124997701 124997701
249995402 1
249995403 249995403
499990806 499990806
999981612 1
999981613 6
999981619 29
249987800 7628
249995428 249995428
499990856 499990856
999981712 1
249994484 952
249995436 249995436
499990872 499990872
62498835 28
62498863 62498863
124997726 1
124997727 124997727
249995454 1
249995455 249995455
499990910 1
499990911 499990911
999981822 1
999981823 59
249994541 952
249995493 249995493
499990986 499990986
31248485 952
31249437 31249437
62498874 62498874
124997748 124997748
249995496 1
249995497 249995497
499990994 499990994
999981988 1
999981612 476
15624603 118
15624721 15624721
31249442 31249442
62498884 1
62498885 62498885
124997770 124997770
249995540 249995540
499991080 1
499991081 499991081
124997662 119
124997781 124997781
249995562 1
249995563 249995563
499991126 499991126
999982088 238
15624667 58
15624725 15624725
31249450 31249450
62498900 62498900
124997800 1
124997801 124997801
249995602 249995602
499991204 499991204
999951946 30516
999974888 7629
999978736 3814
499990332 952
499991284 499991284
999982568 1
62498884 28
62498912 62498912
124997824 124997824
249995648 1
249995649 249995649
499991298 1
499991299 499991299
999982598 1
999982599 1
249995649 6
249995655 249995655
499991310 1
499991311 499991311
999982162 476
249995563 119
249995682 249995682
499991364 1
499991365 499991365
999982730 1
124997824 28
124997852 124997852
249995704 1
249995705 249995705
499991410 1
499991411 499991411
999982822 1
999952355 30516
999982871 3
249993817 1906
249995723 249995723
499991446 1
499991447 499991447
999982894 1
999982731 238
499991446 58
499991504 499991504
999982969 118
999981197 1907
31249415 58
31249473 31249473
62498946 62498946
124997892 124997892
249995784 249995784
499991568 499991568
999983136 3
124995998 1906
124997904 124997904
249995808 249995808
499991616 1
499991617 499991617
499991617 2
499991619 499991619
999983238 1
999975661 7629
999983136 238
999983374 1
249994904 952
249995856 249995856
499991712 1
499991713 499991713
999983426 1
999983427 2
999983427 58
999952990 30516
62498946 28
62498974 62498974
124997948 1
124997949 124997949
249995898 249995898
499991796 1
499991797 499991797
999983594 14
124997948 14
124997962 124997962
249995924 1
249995925 249995925
499991850 499991850
999983594 118
499991850 28
499991878 499991878
999983756 1
249995924 28
249995952 249995952
499991904 499991904
999983808 6
499991904 28
499991932 499991932
999983864 1
249995496 476
249995972 249995972
499991944 1
499991945 499991945
999983890 1
999983891 6
999983890 58
999983897 59
62498045 952
62498997 62498997
124997994 1
124997995 124997995
249995990 1
249995991 249995991
499991982 499991982
999983964 1
62498974 28
62499002 62499002
124998004 124998004
249996008 249996008
499992016 1
499992017 499992017
999980264 3814
249988401 7628
249996029 249996029
499992058 499992058
999984116 1
124997994 28
124998022 124998022
249996044 1
249996045 249996045
499992090 1
499992091 499992091
999984182 1
249996045 6
249996051 249996051
499992102 499992102
999984204 1
499990233 1906
499992139 499992139
999984278 1
3906160 28
3906188 3906188
7812376 1
7812377 7812377
15624754 1
15624755 15624755
31249510 1
31249511 31249511
62499022 1
62499023 62499023
124998046 124998046
249996092 249996092
499992184 1
499992185 499992185
999983506 952
999983594 953
7812377 2
7812379 7812379
15624758 1
15624759 15624759
31249518 1
31249519 31249519
62499038 1
62499039 62499039
124998078 124998078
249996156 249996156
499992312 499992312
999983757 952
249995249 952
249996201 249996201
499992402 1
499992403 499992403
999984709 118
249996156 58
249996214 249996214
499992428 1
499992429 499992429
999984858 1
999984859 29
499990579 1906
499992485 499992485
999984970 1
999984971 3
999977435 7629
499977316 15258
499992574 499992574
999985148 1
999985149 7
31249510 28
31249538 31249538
62499076 1
62499077 62499077
124998154 1
124998155 124998155
249996310 1
249996311 249996311
499992622 499992622
499990724 1907
499992631 499992631
999985262 1
124996261 1906
124998167 124998167
249996334 249996334
499992668 499992668
999985336 1
124998167 7
124998174 124998174
249996348 1
249996349 249996349
499992698 499992698
999985396 1
124998155 28
124998183 124998183
249996366 249996366
499992732 499992732
999985464 1
999955019 30516
999981744 3814
999985558 59
999985617 7
249994508 1906
249996414 249996414
499992828 499992828
249996414 2
249996416 249996416
499992832 499992832
999985664 1
999970502 15258
7812271 118
7812389 7812389
15624778 15624778
31249556 1
31249557 31249557
62499114 62499114
124998228 1
124998229 124998229
249996458 249996458
499992916 1
499992917 499992917
999985834 1
124998183 58
124998241 124998241
249996482 1
249996483 249996483
499992966 1
499992967 499992967
999985934 1
31249556 6
31249562 31249562
62499124 1
62499125 62499125
124998250 124998250
249996500 249996500
499993000 499993000
999986000 1
124998250 2
124998252 124998252
249996504 249996504
499993008 1
499993009 499993009
999986018 58
124998241 28
124998269 124998269
249996538 249996538
499993076 1
499993077 499993077
124998155 118
124998273 124998273
249996546 1
249996547 249996547
499993094 1
499993095 499993095
999986190 1
999985262 952
124998228 58
124998286 124998286
249996572 1
249996573 249996573
499993146 1
499993147 499993147
249996573 2
249996575 249996575
499993150 1
499993151 499993151
999986302 2
499993150 6
499993156 499993156
999986312 1
999986312 6
249996538 58
249996596 249996596
499993192 1
499993193 499993193
999986386 1
124998252 58
124998310 124998310
249996620 249996620
499993240 1
499993241 499993241
999986482 1
249996620 6
249996626 249996626
499993252 1
499993253 499993253
999986506 1
499993146 118
499993264 499993264
999986528 7
999986535 28
249996547 118
249996665 249996665
499993330 499993330
249996665 2
249996667 249996667
499993334 1
499993335 499993335
499993335 6
499993341 499993341
999986682 1
31249557 28
31249585 31249585
62499170 1
62499171 62499171
124998342 1
124998343 124998343
249996686 1
249996687 249996687
499993374 499993374
249994797 1906
249996703 249996703
499993406 499993406
62499171 6
62499177 62499177
124998354 1
124998355 124998355
249996710 1
249996711 249996711
499993422 1
499993423 499993423
999979293 7629
499993264 238
499993502 499993502
999987004 1
999986812 238
499993502 28
499993530 499993530
249989154 7628
249996782 249996782
499993564 499993564
249996782 2
249996784 249996784
499993568 1
499993569 499993569
499993335 238
499993573 499993573
999987146 1
499978353 15258
499993611 499993611
999987222 1
7812282 118
7812400 7812400
15624800 1
15624801 15624801
31249602 31249602
62499204 62499204
124998408 1
124998409 124998409
249996818 1
249996819 249996819
499993638 499993638
999987276 28
499992732 952
499993684 499993684
31249368 238
31249606 31249606
62499212 1
62499213 62499213
124998426 124998426
249996852 1
249996853 249996853
499993706 499993706
499978494 15258
499993752 499993752
999987504 1
31249606 6
31249612 31249612
62499224 62499224
124998448 124998448
249996896 249996896
499993792 1
499993793 499993793
999987368 238
999980002 7628
499993792 28
499993820 499993820
62499170 58
62499228 62499228
124998456 1
124998457 124998457
249996914 1
249996915 249996915
499993830 499993830
249996818 118
249996936 249996936
499993872 1
499993873 499993873
999987746 1
999987640 119
124998456 14
124998470 124998470
249996940 249996940
499993880 1
499993881 499993881
999987762 1
499993422 476
499993898 499993898
999972561 15258
62499212 28
62499240 62499240
124998480 1
124998481 124998481
249996962 249996962
499993924 1
499993925 499993925
999987850 1
999987796 59
249996962 6
249996968 249996968
499993936 499993936
999987872 1
499993924 58
499993982 499993982
499992091 1906
499993997 499993997
999987851 238
999988089 7
999957674 30516
999987796 476
249996968 118
249997086 249997086
499994172 499994172
999988344 1
999988345 14
999986506 1906
124996646 1906
124998552 124998552
249997104 1
249997105 249997105
499994210 499994210
999988420 1
31249612 28
31249640 31249640
62499280 1
62499281 62499281
124998562 124998562
249997124 249997124
499994248 1
499994249 499994249
999988498 1
124998562 2
124998564 124998564
249997128 1
249997129 249997129
499994258 499994258
999973289 15258
999988547 7
999986670 1907
249997124 28
249997152 249997152
499994304 1
499994305 499994305
124996679 1906
124998585 124998585
249997170 249997170
499994340 499994340
999988577 118
999988610 118
62497390 1907
62499297 62499297
124998594 1
124998595 124998595
249997190 1
249997191 249997191
499994382 499994382
999988764 1
999988610 238
999988765 119
62499280 28
62499308 62499308
124998616 1
124998617 124998617
249997234 249997234
499994468 1
499994469 499994469
499992574 1906
499994480 499994480
124998616 6
124998622 124998622
249997244 249997244
499994488 1
499994489 499994489
999987138 1907
999988938 119
999989045 58
999989103 6
15624801 28
15624829 15624829
31249658 1
31249659 31249659
62499318 1
62499319 62499319
124998638 1
124998639 124998639
249997278 1
249997279 249997279
499994558 1
499994559 499994559
999989103 28
249989668 7628
249997296 249997296
499994592 499994592
999989184 1
999989131 58
999989189 3
62499212 118
62499330 62499330
124998660 124998660
249997320 249997320
499994640 1
499994641 499994641
62499330 2
62499332 62499332
124998664 1
124998665 124998665
249997330 1
249997331 249997331
499994662 1
499994663 499994663
249997331 6
249997337 249997337
499994674 1
499994675 499994675
499994675 28
499994703 499994703
499994480 238
499994718 499994718
999989436 1
499994641 118
499994759 499994759
999989518 1
249995493 1907
249997400 249997400
499994800 1
499994801 499994801
124998585 119
124998704 124998704
249997408 1
249997409 249997409
499994818 1
499994819 499994819
999989638 1
999959162 30516
249996483 952
249997435 249997435
499994870 499994870
499993009 1907
499994916 499994916
999989832 1
499994870 58
499994928 499994928
999989856 1
244132 6
244138 244138
488276 488276
976552 976552
1953104 1
1953105 1953105
3906210 3906210
7812420 1
7812421 7812421
15624842 15624842
31249684 31249684
62499368 62499368
124998736 1
124998737 124998737
249997474 249997474
499994948 499994948
249996538 952
249997490 249997490
499994980 1
499994981 499994981
999989962 1
62499319 58
62499377 62499377
124998754 1
124998755 124998755
249997510 249997510
499995020 1
499995021 499995021
499995021 6
499995027 499995027
499995027 6
499995033 499995033
999990066 1
999990067 58
999990125 14
7812421 2
7812423 7812423
15624846 15624846
31249692 31249692
62499384 1
62499385 62499385
124998770 124998770
249997540 249997540
499995080 1
499995081 499995081
249997490 58
249997548 249997548
499995096 1
499995097 499995097
999989740 476
999990216 1
999982598 7628
999990162 118
999990226 58
499993252 1906
499995158 499995158
249997128 476
249997604 249997604
499995208 499995208
999990416 7
499994304 952
499995256 499995256
999990512 1
62499384 28
62499412 62499412
124998824 1
124998825 124998825
249997650 249997650
499995300 499995300
499993406 1907
499995313 499995313
999990626 1
999990627 1
999990162 476
999990423 238
999990628 58
31249473 238
31249711 31249711
62499422 1
62499423 62499423
124998846 1
124998847 124998847
249997694 249997694
499995388 1
499995389 499995389
999987005 3814
62499423 6
62499429 62499429
124998858 124998858
249997716 1
249997717 249997717
499995434 1
499995435 499995435
999990870 1
999990870 6
999990778 119
124998858 6
124998864 124998864
249997728 1
249997729 249997729
499995458 499995458
999990916 1
999990897 119
249996818 952
249997770 249997770
499995540 499995540
999990216 952
124997949 952
124998901 124998901
249997802 1
249997803 249997803
499995606 499995606
999991212 1
62498504 952
62499456 62499456
124998912 1
124998913 124998913
249997826 249997826
499995652 1
499995653 499995653
249997716 118
249997834 249997834
499995668 499995668
124998913 6
124998919 124998919
249997838 1
249997839 249997839
499995678 1
499995679 499995679
499993792 1906
499995698 499995698
3906210 6
3906216 3906216
7812432 1
7812433 7812433
15624866 15624866
31249732 1
31249733 31249733
62499466 1
62499467 62499467
124998934 1
124998935 124998935
249997870 1
249997871 249997871
499995742 499995742
999991484 1
62499466 6
62499472 62499472
124998944 1
124998945 124998945
249997890 1
249997891 249997891
499995782 1
499995783 499995783
999991566 1
999991485 119
124998480 476
124998956 124998956
249997912 249997912
499995824 499995824
999991648 1
249996029 1906
249997935 249997935
499995870 1
499995871 499995871
999991742 1
999991743 1
499980664 15258
499995922 499995922
999991844 58
999991902 7
124998934 58
124998992 124998992
249997984 1
249997985 249997985
499995970 499995970
124998992 6
124998998 124998998
249997996 1
249997997 249997997
499995994 499995994
499995994 7
499996001 499996001
999992002 1
249997891 118
249998009 249998009
499996018 499996018
999992036 1
249997985 28
249998013 249998013
499996026 499996026
499995096 952
499996048 499996048
999992096 1
999991909 238
999991988 238
31249640 118
31249758 31249758
62499516 1
62499517 62499517
124999034 1
124999035 124999035
249998070 249998070
499996140 1
499996141 499996141
499996141 28
499996169 499996169
999992338 1
124998935 118
124999053 124999053
249998106 249998106
499996212 1
499996213 499996213
999992426 1
999992426 28
249997170 952
249998122 249998122
499996244 1
499996245 499996245
999992454 119
499981032 15258
499996290 499996290
999992580 1
249994342 3814
249998156 249998156
499996312 499996312
999992624 1
999992625 29
999990819 1906
499996312 58
499996370 499996370
999992740 1
15624829 58
15624887 15624887
31249774 1
31249775 31249775
62499550 62499550
124999100 124999100
249998200 249998200
499996400 1
499996401 499996401
124998992 118
124999110 124999110
249998220 1
249998221 249998221
499996442 499996442
999992884 1
499996401 58
499996459 499996459
999992918 1
124995304 3814
124999118 124999118
249998236 1
249998237 249998237
499996474 499996474
999992948 1
999985397 7628
124998664 476
124999140 124999140
249998280 1
249998281 249998281
499996562 499996562
999993124 1
124998913 238
124999151 124999151
249998302 1
249998303 249998303
499996606 1
499996607 499996607
999993214 1
499994718 1906
499996624 499996624
999993248 58
999991485 1907
999993248 238
7812421 28
7812449 7812449
15624898 1
15624899 15624899
31249798 1
31249799 31249799
62499598 62499598
124999196 1
124999197 124999197
249998394 1
249998395 249998395
499996790 1
499996791 499996791
499994928 1906
499996834 499996834
999993668 1
124998736 476
124999212 124999212
249998424 1
249998425 249998425
499996850 1
499996851 499996851
999993702 1
124999196 28
124999224 124999224
249998448 1
249998449 249998449
499996898 1
499996899 499996899
999993798 1
999986191 7628
249998220 238
249998458 249998458
499996916 499996916
499996899 28
499996927 499996927
999993854 58
62499385 238
62499623 62499623
124999246 1
124999247 124999247
249998494 1
249998495 249998495
499996990 1
499996991 499996991
999993982 1
499996048 952
499997000 499997000
999994000 1
124999246 14
124999260 124999260
249998520 1
249998521 249998521
499997042 1
499997043 499997043
999994086 6
499981818 15258
499997076 499997076
999994152 1
499995208 1906
499997114 499997114
249990934 7629
249998563 249998563
499997126 1
499997127 499997127
999994254 1
499997114 28
499997142 499997142
999994284 1
7812449 6
7812455 7812455
15624910 15624910
31249820 1
31249821 31249821
62499642 1
62499643 62499643
124999286 1
124999287 124999287
249998574 1
249998575 249998575
499997150 1
499997151 499997151
999994302 1
499989547 7628
499997175 499997175
499997175 6
499997181 499997181
999994362 1
62499643 6
62499649 62499649
124999298 1
124999299 124999299
249998598 1
249998599 249998599
499997198 1
499997199 499997199
124998355 952
124999307 124999307
249998614 1
249998615 249998615
499997230 499997230
999994460 1
999994461 14
249998521 118
249998639 249998639
499997278 499997278
999994475 118
15624887 28
15624915 15624915
31249830 1
31249831 31249831
62499662 62499662
124999324 124999324
249998648 1
249998649 249998649
499997298 499997298
999994596 1
249998639 28
249998667 249998667
499997334 1
499997335 499997335
999994670 1
249991056 7628
249998684 249998684
499997368 499997368
124997444 1906
124999350 124999350
249998700 1
249998701 249998701
499997402 499997402
999994804 1
124998408 952
124999360 124999360
249998720 1
249998721 249998721
499997442 1
499997443 499997443
999994886 1
999994887 6
249998684 58
249998742 249998742
499997484 1
499997485 499997485
999994970 1
62499662 28
62499690 62499690
124999380 1
124999381 124999381
249998762 1
249998763 249998763
499997526 499997526
499997526 2
499997528 499997528
124999380 6
124999386 124999386
249998772 1
249998773 249998773
499997546 1
499997547 499997547
999995052 58
999995056 58
999964621 30516
249994980 3814
249998794 249998794
499997588 499997588
31249821 28
31249849 31249849
62499698 1
62499699 62499699
124999398 1
124999399 124999399
249998798 249998798
499997596 1
499997597 499997597
499997547 58
499997605 499997605
999995210 1
999995210 58
124999299 118
124999417 124999417
249998834 249998834
499997668 499997668
499993872 3814
499997686 499997686
999995372 1
999987759 7629
999987850 7628
249998763 118
249998881 249998881
499997762 499997762
249998424 476
249998900 249998900
499997800 1
499997801 499997801
999995602 1
999994736 953
999993832 1907
999995689 58
124999360 118
124999478 124999478
249998956 249998956
499997912 1
499997913 499997913
999995826 1
249998009 952
249998961 249998961
499997922 499997922
499997913 58
499997971 499997971
999965521 30516
249997124 1906
249999030 249999030
499998060 499998060
999996120 1
499982813 15258
499998071 499998071
999996142 1
999996143 3
499998071 28
499998099 499998099
124999478 58
124999536 124999536
249999072 1
249999073 249999073
499998146 1
499998147 499998147
124998595 952
124999547 124999547
249999094 249999094
499998188 499998188
999996376 1
999981159 15258
31249831 58
31249889 31249889
62499778 1
62499779 62499779
124999558 124999558
249999116 249999116
499998232 1
499998233 499998233
999996466 1
124998616 952
124999568 124999568
249999136 1
249999137 249999137
499998274 499998274
999996548 1
249999030 118
249999148 249999148
499998296 1
499998297 499998297
999996594 1
999989057 7629
999995747 952
999996686 29
999996699 59
999989185 7628
999989282 7628
62499779 28
62499807 62499807
124999614 124999614
249999228 249999228
499998456 1
499998457 499998457
124999568 58
124999626 124999626
249999252 1
249999253 249999253
499998506 1
499998507 499998507
499998507 2
499998509 499998509
999997018 1
62498863 952
62499815 62499815
124999630 1
124999631 124999631
249999262 249999262
499998524 499998524
999997048 1
62499815 2
62499817 62499817
124999634 1
124999635 124999635
249999270 1
249999271 249999271
499998542 1
499998543 499998543
999996699 476
499994818 3814
499998632 499998632
999997264 1
62497924 1906
62499830 62499830
124999660 1
124999661 124999661
249999322 249999322
499998644 499998644
499998632 58
499998690 499998690
999997380 1
249991736 7629
249999365 249999365
499998730 1
499998731 499998731
999997462 1
999997463 1
999997462 6
999997265 238
499998543 238
499998781 499998781
999997562 1
249998458 952
249999410 249999410
499998820 1
499998821 499998821
249991793 7628
249999421 249999421
499998842 499998842
999997684 3
499998821 58
499998879 499998879
999997758 1
999997562 238
999997800 6
999997806 28
249998520 952
249999472 249999472
499998944 1
499998945 499998945
249999365 118
249999483 249999483
499998966 499998966
999990316 7629
499998944 58
499999002 499999002
999998004 1
999998005 3
999997806 238
499991410 7628
499999038 499999038
999982822 15258
999990513 7629
999997945 238
124999661 118
124999779 124999779
249999558 249999558
499999116 499999116
31249889 58
31249947 31249947
62499894 1
62499895 62499895
124999790 124999790
249999580 249999580
499999160 1
499999161 499999161
499998232 952
499999184 499999184
999998368 1
499999160 58
499999218 499999218
999997503 952
999983234 15258
249992018 7628
249999646 249999646
499999292 499999292
999998584 1
3906216 28
3906244 3906244
7812488 1
7812489 7812489
15624978 15624978
31249956 1
31249957 31249957
62499914 62499914
124999828 124999828
249999656 1
249999657 249999657
499999314 1
499999315 499999315
999998492 238
62499895 28
62499923 62499923
124999846 124999846
249999692 249999692
499999384 1
499999385 499999385
249997803 1906
249999709 249999709
499999418 499999418
999998836 1
62499923 6
62499929 62499929
124999858 1
124999859 124999859
249999718 1
249999719 249999719
499999438 499999438
999998876 1
999998877 3
124999630 238
124999868 124999868
249999736 249999736
499999472 1
499999473 499999473
999998946 1
249997839 1906
249999745 249999745
499999490 1
499999491 499999491
999998982 1
31249956 14
31249970 31249970
62499940 62499940
124999880 1
124999881 124999881
249999762 249999762
499999524 499999524
999999048 1
249999745 28
249999773 249999773
499999546 499999546
999999092 1
124999880 14
124999894 124999894
249999788 1
249999789 249999789
499999578 1
499999579 499999579
999999158 1
249992180 7628
249999808 249999808
499999616 1
499999617 499999617
999999234 1
499999617 6
499999623 499999623
999999246 1
999999247 1
999999234 58
7812488 6
7812494 7812494
15624988 1
15624989 15624989
31249978 1
31249979 31249979
62499958 1
62499959 62499959
124999918 1
124999919 124999919
249999838 1
249999839 249999839
499999678 1
499999679 499999679
999999358 1
999999292 118
249999736 118
249999854 249999854
499999708 1
499999709 499999709
999999418 1
999969001 30516
249992272 7628
249999900 249999900
499999800 499999800
999999600 1
999999419 238
999999248 476
15624989 6
15624995 15624995
31249990 1
31249991 31249991
62499982 1
62499983 62499983
124999966 1
124999967 124999967
249999934 249999934
499999868 1
499999869 499999869
999999738 1
999999517 238
124999966 6
124999972 124999972
249999944 249999944
499999888 499999888
999999776 1
999999776 14
124998078 1907
124999985 124999985
249999970 1
249999971 249999971
499999942 499999942
999999884 1
999999885 6
124999967 28
124999995 124999995
249999990 1
249999991 249999991
499999982 499999982
999999964 1
999999965 1
999969481 30516
999999997 3
