1146
1 1
2 2
1 2
3 4
7 4
11 11
22 22
44 44
88 88
176 176
352 352
704 704
1408 1408
2816 2816
5632 5632
11264 11264
22528 22528
45056 45056
90112 90112
180224 180224
360448 360448
720896 720896
1441792 1441792
2883584 2883584
5767168 5767168
11534336 11534336
23068672 23068672
46137344 46137344
92274688 92274688
184549376 184549376
369098752 369098752
738197504 184549376
922746880 46137344
968884224 23068672
991952896 5767168
997720064 1441792
999161856 720896
999882752 45056
999927808 11264
999939072 5632
999944704 2816
999947520 1408
999948928 704
999949632 352
999949984 88
999950072 22
1 7
8 999950094
8 11
19 999950102
3 88
91 999950102
999950094 176
999950121 176
2 8
10 999950297
1 88
89 999950297
1 91
92 999950307
11 44
55 999950386
1 19
20 999950441
999950386 92
1 22
23 999950461
20 23
43 999950478
999950521 8
4 55
59 999950521
7 352
359 999950307
11 59
70 999950666
4 352
356 999950478
3 352
355 999950521
999950876 55
2 23
25 999950931
999950956 22
2 59
61 999950956
3 11
14 999951017
999951017 19
999951031 23
1 176
177 999950956
2 70
72 999951133
999951205 1
1 89
90 999951133
999951205 72
11 92
103 999951223
999951326 25
2 55
57 999951351
3 25
28 999951408
2 1408
1410 999950121
999951531 19
1 92
93 999951531
999951550 92
1 59
60 999951624
999951684 22
1 177
178 999951624
8 70
78 999951802
999951531 355
999950521 1410
999951886 60
3 704
707 999951326
1 707
708 999951408
7 70
77 999952116
999952193 88
2 72
74 999952281
999952355 57
999952412 1
7 77
84 999952413
7 59
66 999952497
999952563 55
4 93
97 999952563
3 78
81 999952618
999952412 352
999952764 10
999952774 92
999952563 356
999952919 72
999952866 176
3 97
100 999952991
999953042 100
2 84
86 999953142
999953228 84
2 44
46 999953312
999953042 352
999953394 46
999953440 77
999953517 90
999950876 2816
1 66
67 999953692
999953759 92
999953851 84
999953935 91
999954026 22
999954026 59
1 97
98 999954085
1 98
99 999954183
1 352
353 999953935
999954183 178
999954361 23
1 55
56 999954361
999954361 88
2 93
95 999954449
999954544 91
14 23
37 999954635
1 84
85 999954672
999954449 359
999954808 25
999954808 60
999954833 66
999954899 66
1 78
79 999954899
2 1410
1412 999953607
999955019 72
999954978 178
999955156 90
2 61
63 999955246
1 1412
1413 999953935
999955348 81
999954085 1413
999955498 7
1 67
68 999955505
999955573 2
999955573 19
999955592 74
999955666 3
999955669 78
1 708
709 999955091
999955800 68
999955868 91
11 23
34 999955959
1 95
96 999955993
1 28
29 999956089
999956118 96
1 72
73 999956214
999956287 11
999956298 79
999955019 1412
999956431 14
999956445 4
999956445 84
999956529 28
999956557 7
999956557 60
999956617 77
999956617 89
999956706 20
999956726 66
999955429 1413
999956842 88
999956930 60
999956990 73
999957063 44
999957107 19
1 1408
1409 999955800
999957209 20
1 20
21 999957229
999957250 99
999956694 708
999957402 43
999957402 59
999957445 92
999957537 63
999957600 43
999954833 2816
1 25
26 999957649
999957649 56
999957705 29
999957705 70
999957775 95
999957870 43
999957870 56
999957926 88
999958014 66
999958080 93
999957537 707
999958244 68
999958312 8
999958320 70
999958390 29
999958419 68
999958487 81
999958568 74
999958320 352
999958390 353
999958743 3
999958746 70
999958816 88
999958642 356
999958904 176
2 81
83 999959080
999959163 81
999959244 83
999959327 23
999959350 29
1 57
58 999959379
999959437 20
999959457 20
999959457 58
999959515 34
1 34
35 999959549
999959584 79
999959663 81
2 356
358 999959437
999959515 355
999959795 93
999959888 60
999959948 99
999960047 86
1 23
24 999960133
999959477 707
999960184 86
1 74
75 999960270
1 63
64 999960345
1 68
69 999960409
1 79
80 999960478
999960478 95
999960573 74
1 26
27 999960647
999960674 46
999960720 56
999960776 34
999960810 80
999960890 64
999960954 72
999961026 59
1 81
82 999961085
1 64
65 999961167
999961232 99
7 35
42 999961331
999961373 55
999961085 359
999961428 103
999961531 90
999961621 70
999961691 86
999961777 77
999961854 46
999961900 44
999961900 84
999961984 82
999962066 66
999962132 59
999962191 90
999962281 89
2 14
16 999962370
999962386 57
999962443 84
999962527 95
999962622 2
999962624 22
999962646 78
999962646 84
999962730 23
999962753 77
999962753 86
999962839 27
999962866 83
999962949 43
999962730 356
999961691 1410
999963101 65
999962866 353
999963219 58
999963277 88
999963365 24
999963389 35
999963365 74
999963439 22
999963461 55
999963516 21
999963516 68
999963537 65
999963602 37
999963639 28
999963667 69
999963736 84
999963820 29
999963849 57
999963849 98
999963906 77
999963983 80
999962730 1409
999964139 85
999964224 16
999964240 88
999964328 64
999964328 82
999964410 42
999964452 58
999964510 35
1 75
76 999964545
999964621 82
1 35
36 999964703
999964703 90
999964793 58
999964851 90
999963584 1410
999964994 80
4 29
33 999965074
999965107 26
999965133 23
999965156 100
999965256 93
1 37
38 999965349
999965387 96
999965483 38
999965521 66
1 38
39 999965587
999965587 44
999965626 58
999965684 61
999965745 96
7 46
53 999965841
999965587 358
999965945 59
999965387 704
4 46
50 999966091
999966141 11
999966152 14
999966166 73
999966239 65
999966304 84
999966388 78
999966466 11
999966477 4
999966477 16
999966493 57
999966550 91
999966641 20
999966661 99
1 50
51 999966760
999966811 82
2 29
31 999966893
999966924 20
999966944 98
999967042 91
999966466 707
999967173 92
999967265 21
999967286 33
999967319 84
3 46
49 999967403
999967452 64
999967516 60
999967576 69
999967645 49
999967645 89
999967734 79
1 93
94 999967813
999967265 704
999967907 77
1 29
30 999967984
1 16
17 999968014
999967984 92
999968076 34
999968076 86
999968162 57
999968219 88
999968307 85
999968392 14
999968406 100
999968506 22
999968528 21
999968549 78
999968627 31
999968658 25
999968658 65
999968723 24
999968723 65
999968788 4
999968723 78
999968801 95
999968896 100
1 4
5 999968996
999969001 91
999969092 96
999969188 70
999963667 5632
999969299 37
999969336 14
999969350 81
999969431 50
999969481 3
999969484 44
999969484 85
999969569 46
999969569 59
999969628 29
999969657 66
999969723 95
999969818 60
999969878 76
999969954 97
999970051 43
999970094 95
999969569 707
999970276 78
999970354 78
999970432 50
999970482 20
999970502 42
999970544 57
999970601 46
999970647 77
999970724 10
999970734 30
999970764 22
999970786 85
999970871 83
999970954 21
999970975 67
1 51
52 999971042
999971094 92
1 53
54 999971186
999971240 92
999971332 5
999971337 84
999971421 95
999971516 58
999971574 73
999971647 27
999971674 94
2 39
41 999971768
999971809 55
999971864 75
999971939 39
999971978 68
999972046 36
999972046 81
999972082 93
999972175 95
999972270 81
999972351 22
999972373 92
999972465 11
999972476 85
999972561 44
999972605 67
999972672 95
999972767 66
1 44
45 999972833
999972833 54
999972887 55
999972942 3
999972945 41
999972986 93
999973079 98
999973177 54
999973231 58
999973289 51
999973340 92
999973432 46
999973478 45
999973523 52
999973575 50
999973625 69
999951206 22528
999973734 26
999973760 58
999973818 98
999973916 92
999974008 80
999974088 51
999974139 73
1 39
40 999974212
999974252 41
999974293 78
999974371 16
999974387 88
999974475 26
999974501 65
999974566 66
999974632 30
999974662 79
1 46
47 999974741
999974788 100
999974888 56
999974944 79
999975023 77
999975100 20
999975120 29
999975149 36
999975185 16
999975201 16
999975217 53
999975270 44
999975314 39
999975353 93
999975446 88
999975534 19
999975534 28
999975562 99
999975661 36
999975697 94
999975791 37
999975828 65
999975893 21
999975914 17
999975893 53
999975946 74
999976020 73
999976093 69
999976162 43
999976205 74
999976279 44
999976323 34
999976357 3
999976360 86
999976446 56
999976502 27
999976529 67
999976596 10
999976606 14
999976620 25
999976645 21
999976666 40
999976706 31
999976737 89
999976826 84
999976910 84
999976994 45
999977039 92
999977131 96
999977227 69
999977296 77
1 61
62 999977373
999977435 42
999977477 63
999977540 60
999977600 84
999977684 88
999977772 73
999977845 3
999977848 73
999977921 17
999977921 49
999977970 28
999977970 40
999978010 22
999978032 47
999978079 5
999978084 83
999978167 27
999978194 56
999978250 20
999978270 59
999978329 16
999978345 42
999978387 79
999978466 54
999978520 26
999978546 84
999978630 81
999978711 25
999978736 35
999978771 47
999978818 8
999978818 17
999978835 27
999978862 21
999978883 96
999978979 46
999979025 70
999979095 28
999979123 67
999979190 3
999979193 2
999979195 98
999979293 72
999979365 96
999979461 95
999979556 2
999979558 60
999979618 66
999979684 92
999979776 43
999979819 26
999979845 80
999979925 10
999979935 37
999979972 30
999979972 62
999980034 61
999980095 42
999980137 80
999980217 47
999980264 54
999980318 2
999980320 1
999980321 40
999980361 37
999980398 69
999979776 709
999980485 41
999980526 3
999980529 54
999980583 67
999980650 16
999980666 45
999980711 43
999980754 46
999980800 69
999980800 82
999980882 41
999980923 73
999980996 34
999981030 60
999981090 69
999981159 38
999981197 99
999981296 76
999981296 82
999981378 70
999981448 85
999981533 80
999981533 86
999981619 29
999981648 65
999981713 31
999981744 79
999981823 59
999981882 90
999981972 17
999981989 99
999982088 74
999982162 90
999982252 74
999982326 82
999982408 54
999982462 55
999982517 33
999982550 19
999982569 30
999982599 1
999982600 22
999982622 16
999982638 93
999982731 92
999982162 709
999982871 3
999982874 21
999982895 74
999982969 39
999983008 79
999983087 17
999983087 49
999983136 3
999983139 95
999983234 5
999983239 51
999983290 84
999983374 1
999983375 52
999983427 2
999983429 56
999983485 21
999983506 88
999983594 14
999983608 92
999983008 704
999983712 45
999983757 51
999983757 57
999983814 51
999983865 26
999983814 83
999983897 51
999983948 8
999983948 17
999983965 69
999984034 44
999984078 39
999984117 66
999984183 22
999984205 74
999984279 91
999984370 88
999984458 89
999984547 77
999984624 85
999984709 97
999984806 21
999984806 53
999984859 29
999984888 83
999984971 3
999984974 90
999985064 85
999985149 7
999985156 88
999985244 19
999985263 74
999985337 60
999985397 68
999985465 70
999985535 23
999985558 59
999985617 7
999985617 39
999985624 41
999985665 95
999985760 75
999985835 100
999985935 66
999986001 17
999986018 58
999986076 78
999986154 37
999986191 23
999986214 80
999986294 8
999986302 2
999986302 11
999986313 5
999986318 69
999986387 96
999986483 24
999986507 21
999986528 7
999986535 28
999986563 97
999986660 10
999986660 23
999986683 65
999986748 64
999986812 34
999986846 76
999986922 83
999987005 45
999987050 10
999987060 68
999987128 10
999987128 19
999987147 76
999987223 53
999987276 28
999987304 64
999987368 44
999987412 93
999987505 81
999987586 20
999987606 24
999987630 10
999987640 20
1 86
87 999987660
999987660 99
999987759 4
999987763 33
999987796 23
999987796 55
999987851 4
999987851 22
999987873 91
999987964 30
999987994 95
999988089 7
999988096 94
999988190 82
999988272 73
999988345 14
999988359 53
999988359 62
999988421 78
999988499 17
999988516 31
999988547 7
999988554 23
999988577 33
999988610 70
999988610 85
999988695 33
999988728 37
999988765 83
999988848 36
999988884 54
999988938 22
999988938 40
999988978 67
999988978 79
999989057 46
999989057 52
999989057 61
999989109 22
999989131 54
999989185 4
999989189 3
999989192 90
999989282 44
999989326 24
999989350 56
999989406 31
999989437 82
999989519 83
999989602 37
999989639 39
999989678 62
999989740 93
999989833 24
999989857 39
999989896 67
999989963 79
999989963 91
999990042 25
999990067 58
999990125 14
999990139 23
999990139 55
999990194 22
999990216 1
999990216 10
999990226 54
999990280 4
999990280 36
999990316 100
999990416 7
999990423 90
999990513 87
999990600 27
999990627 1
999990628 10
999990638 23
999990661 25
999990686 92
999990778 41
999990819 52
999990871 5
999990876 21
999990897 20
999990917 99
999991016 64
999991080 88
999991168 45
999991213 93
999991306 30
999991336 22
999991358 38
999991396 89
999991485 82
999991567 37
999991604 45
999991649 94
999991743 1
999991744 100
999991844 58
999991902 7
999991909 31
999991909 79
999991940 63
999992003 34
999992003 49
999992052 45
999992097 50
999992147 79
999992226 56
999992282 57
999992339 88
999992427 27
999992454 36
999992490 83
999992573 8
999992581 44
999992625 29
999992625 100
999992725 16
999992741 61
999992802 83
999992885 34
999992919 30
999992949 76
999993025 100
999993125 90
999993215 33
999993248 58
999993306 86
999993392 94
999993486 96
999993582 87
999993669 34
999993703 96
999993799 20
999993799 33
999993832 22
999993854 58
999992573 1410
999993912 89
999994001 85
999994001 91
999994092 61
999994153 75
999994228 27
999994255 30
999994228 75
999994303 47
999994303 60
999994363 35
999994398 63
999994461 14
999994475 81
999994556 37
999994593 4
999994597 74
999994671 65
999994736 69
999994805 82
999994805 88
999994893 78
999994971 81
999995052 4
999995056 38
999995094 16
999995110 4
999995114 23
999995137 39
999995137 57
999995194 17
999995211 57
999995268 68
999995336 37
999995336 52
999995388 90
999995478 46
999995524 79
999995603 86
999995689 50
999995739 8
999995747 80
999995827 17
999995844 98
999995942 95
999996037 84
999996121 22
999996143 3
999996146 52
999996198 96
999996294 83
999996377 40
999996417 50
999996467 82
999996549 46
999996595 91
1 103
104 999996595
999996699 16
999996715 43
999996758 55
999996813 97
999996910 4
999996914 100
999997014 5
999997019 30
999997049 37
999997086 89
999997175 90
999997265 23
999997288 93
999997381 82
999997463 1
999997464 4
999997468 35
999997503 60
999997563 79
999997642 42
999997684 3
999997687 72
999997759 41
999997759 47
999997806 28
999997834 56
999997890 42
999997890 55
999997945 60
999998005 3
999998008 36
999998008 68
999998076 4
999998080 62
999998142 41
999998183 49
999998232 90
999998322 47
999998369 67
999998436 19
999998455 37
999998492 93
999998585 45
999998630 100
999998730 40
999998770 67
999998837 40
999998877 3
999998880 67
999998947 36
999998983 66
999999049 44
999999093 66
999999159 76
999999159 88
999999247 1
999999248 44
999999292 67
999999359 51
999999359 60
999999419 98
999999517 84
999999601 56
999999657 67
999999657 82
999999739 16
999999755 22
999999755 35
999999790 95
1 5
6 999999885
999999891 74
999999965 1
999999966 31
999999997 3
